0 1 1244 1244
1 2 1238 1238
2 3 21 21
3 4 451 451
4 5 21 21
5 6 422 422
6 7 21 21
7 8 538 538
8 9 21 21
9 10 529 529
10 11 21 21
11 12 1576 1576
12 13 21 21
13 14 449 449
14 15 59 59
15 16 970 970
16 17 1062 1062
17 18 21 21
18 19 1014 1014
19 20 21 21
20 21 187 187
21 22 59 59
22 23 970 970
23 24 1062 1062
24 25 21 21
25 26 1014 1014
26 27 21 21
27 28 223 223
28 29 59 59
29 30 970 970
30 31 1062 1062
31 32 21 21
32 33 1014 1014
33 34 21 21
34 35 319 319
35 36 59 59
36 37 970 970
37 38 1062 1062
38 39 21 21
39 40 1670 1670
40 41 21 21
41 42 97 97
42 43 59 59
43 44 970 970
44 45 1062 1062
45 46 21 21
46 47 1670 1670
47 48 21 21
48 49 98 98
49 50 59 59
50 51 970 970
51 52 1062 1062
52 53 21 21
53 54 1670 1670
54 55 21 21
55 56 126 126
56 57 59 59
57 58 970 970
58 59 1062 1062
59 60 21 21
60 61 1670 1670
61 62 21 21
62 63 198 198
63 64 59 59
64 65 970 970
65 66 1062 1062
66 67 21 21
67 68 1670 1670
68 69 21 21
69 70 232 232
70 71 59 59
71 72 970 970
72 73 1062 1062
73 74 21 21
74 75 1670 1670
75 76 21 21
76 77 257 257
77 78 59 59
78 79 970 970
79 80 1062 1062
80 81 21 21
81 82 1670 1670
82 83 21 21
83 84 275 275
84 85 59 59
85 86 970 970
86 87 1062 1062
87 88 21 21
88 89 1670 1670
89 90 21 21
90 91 346 346
91 92 59 59
92 93 970 970
93 94 1238 1238
94 95 21 21
95 96 451 451
96 97 21 21
97 98 422 422
98 99 21 21
99 100 529 529
100 101 21 21
101 102 87 87
102 103 59 59
103 104 970 970
104 105 1238 1238
105 106 21 21
106 107 451 451
107 108 21 21
108 109 422 422
109 110 21 21
110 111 529 529
111 112 21 21
112 113 88 88
113 114 59 59
114 115 970 970
115 116 1238 1238
116 117 21 21
117 118 451 451
118 119 21 21
119 120 422 422
120 121 21 21
121 122 529 529
122 123 21 21
123 124 90 90
124 125 59 59
125 126 970 970
126 127 1238 1238
127 128 21 21
128 129 451 451
129 130 21 21
130 131 422 422
131 132 21 21
132 133 529 529
133 134 21 21
134 135 91 91
135 136 59 59
136 137 970 970
137 138 1238 1238
138 139 21 21
139 140 451 451
140 141 21 21
141 142 422 422
142 143 21 21
143 144 529 529
144 145 21 21
145 146 92 92
146 147 59 59
147 148 970 970
148 149 1238 1238
149 150 21 21
150 151 451 451
151 152 21 21
152 153 422 422
153 154 21 21
154 155 529 529
155 156 21 21
156 157 94 94
157 158 59 59
158 159 970 970
159 160 1238 1238
160 161 21 21
161 162 451 451
162 163 21 21
163 164 422 422
164 165 21 21
165 166 529 529
166 167 21 21
167 168 95 95
168 169 59 59
169 170 970 970
170 171 1238 1238
171 172 21 21
172 173 451 451
173 174 21 21
174 175 422 422
175 176 21 21
176 177 529 529
177 178 21 21
178 179 177 177
179 180 59 59
180 181 970 970
181 182 1238 1238
182 183 21 21
183 184 451 451
184 185 21 21
185 186 422 422
186 187 21 21
187 188 529 529
188 189 21 21
189 190 238 238
190 191 59 59
191 192 970 970
192 193 1238 1238
193 194 21 21
194 195 451 451
195 196 21 21
196 197 422 422
197 198 21 21
198 199 529 529
199 200 21 21
200 201 239 239
201 202 59 59
202 203 970 970
203 204 1238 1238
204 205 21 21
205 206 451 451
206 207 21 21
207 208 422 422
208 209 21 21
209 210 529 529
210 211 21 21
211 212 240 240
212 213 59 59
213 214 970 970
214 215 1238 1238
215 216 21 21
216 217 451 451
217 218 21 21
218 219 422 422
219 220 21 21
220 221 529 529
221 222 21 21
222 223 241 241
223 224 59 59
224 225 970 970
225 226 1238 1238
226 227 21 21
227 228 451 451
228 229 21 21
229 230 422 422
230 231 21 21
231 232 1068 1068
232 233 21 21
233 234 968 968
234 235 21 21
235 236 461 461
236 237 21 21
237 238 261 261
238 239 59 59
239 240 970 970
240 241 1238 1238
241 242 21 21
242 243 451 451
243 244 21 21
244 245 422 422
245 246 21 21
246 247 1068 1068
247 248 21 21
248 249 968 968
249 250 21 21
250 251 461 461
251 252 21 21
252 253 328 328
253 254 59 59
254 255 970 970
255 256 1238 1238
256 257 21 21
257 258 451 451
258 259 21 21
259 260 422 422
260 261 21 21
261 262 1234 1234
262 263 21 21
263 264 308 308
264 265 59 59
265 266 970 970
266 267 1238 1238
267 268 21 21
268 269 451 451
269 270 21 21
270 271 422 422
271 272 21 21
272 273 1670 1670
273 274 21 21
274 275 117 117
275 276 59 59
276 277 970 970
277 278 1238 1238
278 279 21 21
279 280 451 451
280 281 21 21
281 282 422 422
282 283 21 21
283 284 1696 1696
284 285 21 21
285 286 398 398
286 287 59 59
287 288 970 970
288 289 1238 1238
289 290 21 21
290 291 451 451
291 292 21 21
292 293 1685 1685
293 294 21 21
294 295 374 374
295 296 59 59
296 297 970 970
297 298 1238 1238
298 299 21 21
299 300 451 451
300 301 21 21
301 302 1685 1685
302 303 21 21
303 304 396 396
304 305 59 59
305 306 970 970
306 307 1238 1238
307 308 21 21
308 309 451 451
309 310 21 21
310 311 1685 1685
311 312 21 21
312 313 452 452
313 314 21 21
314 315 395 395
315 316 59 59
316 317 970 970
317 318 1238 1238
318 319 21 21
319 320 451 451
320 321 21 21
321 322 1685 1685
322 323 21 21
323 324 452 452
324 325 21 21
325 326 397 397
326 327 59 59
327 328 970 970
328 329 1238 1238
329 330 21 21
330 331 1065 1065
331 332 21 21
332 333 321 321
333 334 59 59
334 335 1293 1293
335 336 509 509
336 337 75 75
337 338 1721 1721
338 339 1287 1287
339 340 707 707
340 341 97 97
341 342 60 60
342 343 187 187
343 344 67 67
344 345 638 638
345 346 65 65
346 347 1174 1174
347 348 97 97
348 349 60 60
349 350 187 187
350 351 67 67
351 352 12 12
352 353 13 13
353 354 59 59
354 355 1287 1287
355 356 707 707
356 357 398 398
357 358 1695 1695
358 359 65 65
359 360 1174 1174
360 361 308 308
361 362 12 12
362 363 13 13
363 364 59 59
364 365 1287 1287
365 366 707 707
366 367 198 198
367 368 60 60
368 369 358 358
369 370 18 18
370 371 358 358
371 372 67 67
372 373 1392 1392
373 374 65 65
374 375 1174 1174
375 376 198 198
376 377 60 60
377 378 358 358
378 379 18 18
379 380 358 358
380 381 67 67
381 382 12 12
382 383 13 13
383 384 59 59
384 385 1287 1287
385 386 358 358
386 387 1156 1156
387 388 65 65
388 389 64 64
389 390 59 59
390 391 1287 1287
391 392 358 358
392 393 1626 1626
393 394 65 65
394 395 64 64
395 396 59 59
396 397 1287 1287
397 398 358 358
398 399 1300 1300
399 400 65 65
400 401 64 64
401 402 59 59
402 403 1287 1287
403 404 358 358
404 405 1633 1633
405 406 65 65
406 407 64 64
407 408 59 59
408 409 1287 1287
409 410 358 358
410 411 1631 1631
411 412 65 65
412 413 64 64
413 414 59 59
414 415 1287 1287
415 416 358 358
416 417 1651 1651
417 418 65 65
418 419 64 64
419 420 59 59
420 421 1287 1287
421 422 358 358
422 423 1693 1693
423 424 59 59
424 425 1287 1287
425 426 396 396
426 427 551 551
427 428 59 59
428 429 1287 1287
429 430 397 397
430 431 1685 1685
431 432 59 59
432 433 1287 1287
433 434 479 479
434 435 956 956
435 436 59 59
436 437 1293 1293
437 438 1574 1574
438 439 1687 1687
439 440 1128 1128
440 441 12 12
441 442 358 358
442 443 407 407
443 444 408 408
444 445 457 457
445 446 13 13
446 447 1613 1613
447 448 182 182
448 449 1721 1721
449 450 75 75
450 451 541 541
451 452 65 65
452 453 1174 1174
453 454 75 75
454 455 12 12
455 456 13 13
456 457 59 59
457 458 358 358
458 459 407 407
459 460 408 408
460 461 635 635
461 462 65 65
462 463 129 129
463 464 21 21
464 465 1509 1509
465 466 12 12
466 467 541 541
467 468 18 18
468 469 457 457
469 470 13 13
470 471 59 59
471 472 964 964
472 473 12 12
473 474 635 635
474 475 21 21
475 476 1100 1100
476 477 60 60
477 478 25 25
478 479 13 13
479 480 1721 1721
480 481 367 367
481 482 21 21
482 483 1241 1241
483 484 21 21
484 485 1286 1286
485 486 12 12
486 487 64 64
487 488 13 13
488 489 59 59
489 490 1400 1400
490 491 59 59
491 492 1725 1725
492 493 723 723
493 494 12 12
494 495 1005 1005
495 496 960 960
496 497 65 65
497 498 23 23
498 499 59 59
499 500 960 960
500 501 60 60
501 502 635 635
502 503 21 21
503 504 1100 1100
504 505 59 59
505 506 960 960
506 507 16 16
507 508 13 13
508 509 1721 1721
509 510 541 541
510 511 21 21
511 512 775 775
512 513 12 12
513 514 13 13
514 515 21 21
515 516 425 425
516 517 12 12
517 518 1174 1174
518 519 187 187
519 520 12 12
520 521 635 635
521 522 407 407
522 523 960 960
523 524 408 408
524 525 13 13
525 526 13 13
526 527 59 59
527 528 1725 1725
528 529 541 541
529 530 21 21
530 531 687 687
531 532 12 12
532 533 13 13
533 534 59 59
534 535 1725 1725
535 536 1292 1292
536 537 396 396
537 538 587 587
538 539 12 12
539 540 13 13
540 541 1721 1721
541 542 396 396
542 543 590 590
543 544 65 65
544 545 1174 1174
545 546 396 396
546 547 12 12
547 548 13 13
548 549 59 59
549 550 257 257
550 551 1078 1078
551 552 65 65
552 553 98 98
553 554 21 21
554 555 459 459
555 556 12 12
556 557 590 590
557 558 21 21
558 559 818 818
559 560 12 12
560 561 13 13
561 562 13 13
562 563 59 59
563 564 723 723
564 565 12 12
565 566 232 232
566 567 1061 1061
567 568 65 65
568 569 367 367
569 570 21 21
570 571 890 890
571 572 12 12
572 573 13 13
573 574 21 21
574 575 680 680
575 576 12 12
576 577 13 13
577 578 21 21
578 579 1061 1061
579 580 12 12
580 581 13 13
581 582 59 59
582 583 1061 1061
583 584 21 21
584 585 944 944
585 586 12 12
586 587 13 13
587 588 59 59
588 589 13 13
589 590 1721 1721
590 591 275 275
591 592 21 21
592 593 181 181
593 594 1080 1080
594 595 65 65
595 596 12 12
596 597 275 275
597 598 21 21
598 599 181 181
599 600 13 13
600 601 1061 1061
601 602 21 21
602 603 1190 1190
603 604 12 12
604 605 13 13
605 606 59 59
606 607 358 358
607 608 1173 1173
608 609 65 65
609 610 12 12
610 611 358 358
611 612 13 13
612 613 1080 1080
613 614 21 21
614 615 813 813
615 616 12 12
616 617 13 13
617 618 59 59
618 619 358 358
619 620 1677 1677
620 621 65 65
621 622 12 12
622 623 358 358
623 624 13 13
624 625 1080 1080
625 626 21 21
626 627 932 932
627 628 12 12
628 629 13 13
629 630 59 59
630 631 964 964
631 632 12 12
632 633 1 1
633 634 1078 1078
634 635 21 21
635 636 547 547
636 637 12 12
637 638 1173 1173
638 639 13 13
639 640 13 13
640 641 1721 1721
641 642 590 590
642 643 21 21
643 644 1296 1296
644 645 12 12
645 646 1173 1173
646 647 18 18
647 648 1677 1677
648 649 13 13
649 650 59 59
650 651 1725 1725
651 652 1725 1725
652 653 1400 1400
653 654 590 590
654 655 59 59
655 656 1725 1725
656 657 1293 1293
657 658 1687 1687
658 659 687 687
659 660 12 12
660 661 13 13
661 662 1613 1613
662 663 182 182
663 664 1721 1721
664 665 964 964
665 666 12 12
666 667 956 956
667 668 13 13
668 669 1721 1721
669 670 1559 1559
670 671 12 12
671 672 13 13
672 673 59 59
673 674 1400 1400
674 675 59 59
675 676 1725 1725
676 677 964 964
677 678 12 12
678 679 775 775
679 680 12 12
680 681 13 13
681 682 21 21
682 683 1563 1563
683 684 12 12
684 685 13 13
685 686 60 60
686 687 25 25
687 688 13 13
688 689 1721 1721
689 690 367 367
690 691 21 21
691 692 1241 1241
692 693 21 21
693 694 1286 1286
694 695 12 12
695 696 64 64
696 697 13 13
697 698 59 59
698 699 367 367
699 700 21 21
700 701 1241 1241
701 702 21 21
702 703 1286 1286
703 704 12 12
704 705 64 64
705 706 13 13
706 707 59 59
707 708 367 367
708 709 21 21
709 710 1241 1241
710 711 21 21
711 712 1286 1286
712 713 12 12
713 714 64 64
714 715 13 13
715 716 59 59
716 717 1559 1559
717 718 12 12
718 719 13 13
719 720 59 59
720 721 1400 1400
721 722 59 59
722 723 1725 1725
723 724 723 723
724 725 12 12
725 726 187 187
726 727 634 634
727 728 58 58
728 729 775 775
729 730 12 12
730 731 13 13
731 732 13 13
732 733 1721 1721
733 734 964 964
734 735 12 12
735 736 1 1
736 737 634 634
737 738 21 21
738 739 689 689
739 740 12 12
740 741 13 13
741 742 13 13
742 743 1721 1721
743 744 367 367
744 745 21 21
745 746 1241 1241
746 747 21 21
747 748 1286 1286
748 749 12 12
749 750 64 64
750 751 13 13
751 752 59 59
752 753 367 367
753 754 21 21
754 755 1241 1241
755 756 21 21
756 757 1286 1286
757 758 12 12
758 759 64 64
759 760 15 15
760 761 634 634
761 762 21 21
762 763 881 881
763 764 12 12
764 765 13 13
765 766 15 15
766 767 64 64
767 768 13 13
768 769 59 59
769 770 367 367
770 771 21 21
771 772 1241 1241
772 773 21 21
773 774 1286 1286
774 775 12 12
775 776 64 64
776 777 13 13
777 778 59 59
778 779 1559 1559
779 780 12 12
780 781 13 13
781 782 59 59
782 783 1400 1400
783 784 59 59
784 785 1725 1725
785 786 964 964
786 787 12 12
787 788 1 1
788 789 634 634
789 790 21 21
790 791 1021 1021
791 792 12 12
792 793 13 13
793 794 13 13
794 795 1721 1721
795 796 367 367
796 797 21 21
797 798 1241 1241
798 799 21 21
799 800 1286 1286
800 801 12 12
801 802 64 64
802 803 13 13
803 804 59 59
804 805 367 367
805 806 21 21
806 807 1241 1241
807 808 21 21
808 809 1286 1286
809 810 12 12
810 811 64 64
811 812 15 15
812 813 634 634
813 814 21 21
814 815 881 881
815 816 12 12
816 817 13 13
817 818 15 15
818 819 64 64
819 820 13 13
820 821 59 59
821 822 367 367
822 823 21 21
823 824 1241 1241
824 825 21 21
825 826 1286 1286
826 827 12 12
827 828 64 64
828 829 13 13
829 830 59 59
830 831 1559 1559
831 832 12 12
832 833 13 13
833 834 59 59
834 835 1400 1400
835 836 59 59
836 837 1725 1725
837 838 1725 1725
838 839 551 551
839 840 65 65
840 841 587 587
841 842 12 12
842 843 13 13
843 844 59 59
844 845 1685 1685
845 846 65 65
846 847 1174 1174
847 848 397 397
848 849 12 12
849 850 13 13
850 851 59 59
851 852 1685 1685
852 853 21 21
853 854 1519 1519
854 855 12 12
855 856 395 395
856 857 21 21
857 858 325 325
858 859 18 18
859 860 64 64
860 861 13 13
861 862 59 59
862 863 1685 1685
863 864 21 21
864 865 1519 1519
865 866 12 12
866 867 64 64
867 868 18 18
868 869 146 146
869 870 21 21
870 871 509 509
871 872 21 21
872 873 854 854
873 874 12 12
874 875 13 13
875 876 13 13
876 877 59 59
877 878 1685 1685
878 879 21 21
879 880 997 997
880 881 12 12
881 882 13 13
882 883 59 59
883 884 1392 1392
884 885 21 21
885 886 1296 1296
886 887 12 12
887 888 64 64
888 889 18 18
889 890 1156 1156
890 891 13 13
891 892 59 59
892 893 1392 1392
893 894 21 21
894 895 1296 1296
895 896 12 12
896 897 64 64
897 898 18 18
898 899 1626 1626
899 900 13 13
900 901 59 59
901 902 1392 1392
902 903 21 21
903 904 1296 1296
904 905 12 12
905 906 64 64
906 907 18 18
907 908 1300 1300
908 909 13 13
909 910 59 59
910 911 1392 1392
911 912 21 21
912 913 1296 1296
913 914 12 12
914 915 64 64
915 916 18 18
916 917 1633 1633
917 918 13 13
918 919 59 59
919 920 1392 1392
920 921 21 21
921 922 1296 1296
922 923 12 12
923 924 64 64
924 925 18 18
925 926 1631 1631
926 927 13 13
927 928 59 59
928 929 1392 1392
929 930 21 21
930 931 1296 1296
931 932 12 12
932 933 64 64
933 934 18 18
934 935 1651 1651
935 936 13 13
936 937 59 59
937 938 321 321
938 939 1299 1299
939 940 65 65
940 941 1206 1206
941 942 59 59
942 943 964 964
943 944 12 12
944 945 1693 1693
945 946 2 2
946 947 1206 1206
947 948 13 13
948 949 1721 1721
949 950 1299 1299
950 951 65 65
951 952 1174 1174
952 953 321 321
953 954 12 12
954 955 13 13
955 956 59 59
956 957 1299 1299
957 958 21 21
958 959 1255 1255
959 960 12 12
960 961 64 64
961 962 15 15
962 963 181 181
963 964 21 21
964 965 509 509
965 966 21 21
966 967 854 854
967 968 12 12
968 969 13 13
969 970 15 15
970 971 64 64
971 972 15 15
972 973 1693 1693
973 974 13 13
974 975 59 59
975 976 1725 1725
976 977 328 328
977 978 1129 1129
978 979 65 65
979 980 1174 1174
980 981 328 328
981 982 12 12
982 983 775 775
983 984 12 12
984 985 13 13
985 986 13 13
986 987 59 59
987 988 1129 1129
988 989 21 21
989 990 1569 1569
990 991 12 12
991 992 13 13
992 993 59 59
993 994 1644 1644
994 995 1721 1721
995 996 261 261
996 997 592 592
997 998 65 65
998 999 1129 1129
999 1000 21 21
1000 1001 787 787
1001 1002 12 12
1002 1003 13 13
1003 1004 59 59
1004 1005 1694 1694
1005 1006 12 12
1006 1007 592 592
1007 1008 2 2
1008 1009 1206 1206
1009 1010 13 13
1010 1011 1721 1721
1011 1012 117 117
1012 1013 602 602
1013 1014 65 65
1014 1015 1129 1129
1015 1016 21 21
1016 1017 1307 1307
1017 1018 12 12
1018 1019 592 592
1019 1020 13 13
1020 1021 59 59
1021 1022 177 177
1022 1023 492 492
1023 1024 65 65
1024 1025 12 12
1025 1026 177 177
1026 1027 13 13
1027 1028 1695 1695
1028 1029 21 21
1029 1030 1655 1655
1030 1031 12 12
1031 1032 602 602
1032 1033 13 13
1033 1034 59 59
1034 1035 181 181
1035 1036 679 679
1036 1037 65 65
1037 1038 1174 1174
1038 1039 181 181
1039 1040 12 12
1040 1041 13 13
1041 1042 59 59
1042 1043 679 679
1043 1044 21 21
1044 1045 1483 1483
1045 1046 12 12
1046 1047 592 592
1047 1048 13 13
1048 1049 59 59
1049 1050 679 679
1050 1051 21 21
1051 1052 1523 1523
1052 1053 12 12
1053 1054 492 492
1054 1055 13 13
1055 1056 59 59
1056 1057 679 679
1057 1058 21 21
1058 1059 1438 1438
1059 1060 12 12
1060 1061 602 602
1061 1062 13 13
1062 1063 59 59
1063 1064 679 679
1064 1065 21 21
1065 1066 1520 1520
1066 1067 12 12
1067 1068 1299 1299
1068 1069 13 13
1069 1070 59 59
1070 1071 1288 1288
1071 1072 12 12
1072 1073 679 679
1073 1074 13 13
1074 1075 59 59
1075 1076 592 592
1076 1077 65 65
1077 1078 1129 1129
1078 1079 21 21
1079 1080 862 862
1080 1081 12 12
1081 1082 592 592
1082 1083 13 13
1083 1084 59 59
1084 1085 1725 1725
1085 1086 1725 1725
1086 1087 708 708
1087 1088 1721 1721
1088 1089 1129 1129
1089 1090 21 21
1090 1091 519 519
1091 1092 12 12
1092 1093 13 13
1093 1094 59 59
1094 1095 1725 1725
1095 1096 1725 1725
1096 1097 1287 1287
1097 1098 1687 1687
1098 1099 1559 1559
1099 1100 12 12
1100 1101 13 13
1101 1102 1721 1721
1102 1103 223 223
1103 1104 1016 1016
1104 1105 65 65
1105 1106 75 75
1106 1107 21 21
1107 1108 509 509
1108 1109 21 21
1109 1110 904 904
1110 1111 12 12
1111 1112 64 64
1112 1113 13 13
1113 1114 59 59
1114 1115 346 346
1115 1116 1415 1415
1116 1117 65 65
1117 1118 1174 1174
1118 1119 346 346
1119 1120 12 12
1120 1121 1016 1016
1121 1122 13 13
1122 1123 59 59
1123 1124 1694 1694
1124 1125 12 12
1125 1126 1415 1415
1126 1127 21 21
1127 1128 945 945
1128 1129 12 12
1129 1130 13 13
1130 1131 13 13
1131 1132 1721 1721
1132 1133 358 358
1133 1134 1102 1102
1134 1135 65 65
1135 1136 1415 1415
1136 1137 21 21
1137 1138 1196 1196
1138 1139 12 12
1139 1140 13 13
1140 1141 59 59
1141 1142 367 367
1142 1143 21 21
1143 1144 1241 1241
1144 1145 21 21
1145 1146 1286 1286
1146 1147 12 12
1147 1148 1102 1102
1148 1149 13 13
1149 1150 59 59
1150 1151 1725 1725
1151 1152 1415 1415
1152 1153 21 21
1153 1154 519 519
1154 1155 12 12
1155 1156 13 13
1156 1157 59 59
1157 1158 1725 1725
1158 1159 1287 1287
1159 1160 1687 1687
1160 1161 1288 1288
1161 1162 12 12
1162 1163 181 181
1163 1164 679 679
1164 1165 13 13
1165 1166 1613 1613
1166 1167 182 182
1167 1168 1721 1721
1168 1169 177 177
1169 1170 1328 1328
1170 1171 65 65
1171 1172 679 679
1172 1173 21 21
1173 1174 897 897
1174 1175 12 12
1175 1176 13 13
1176 1177 59 59
1177 1178 1592 1592
1178 1179 12 12
1179 1180 1328 1328
1180 1181 21 21
1181 1182 768 768
1182 1183 12 12
1183 1184 13 13
1184 1185 13 13
1185 1186 1721 1721
1186 1187 497 497
1187 1188 91 91
1188 1189 21 21
1189 1190 148 148
1190 1191 58 58
1191 1192 679 679
1192 1193 21 21
1193 1194 1542 1542
1194 1195 12 12
1195 1196 64 64
1196 1197 13 13
1197 1198 59 59
1198 1199 679 679
1199 1200 21 21
1200 1201 1455 1455
1201 1202 12 12
1202 1203 64 64
1203 1204 13 13
1204 1205 59 59
1205 1206 642 642
1206 1207 12 12
1207 1208 679 679
1208 1209 13 13
1209 1210 59 59
1210 1211 480 480
1211 1212 59 59
1212 1213 497 497
1213 1214 88 88
1214 1215 21 21
1215 1216 148 148
1216 1217 58 58
1217 1218 679 679
1218 1219 21 21
1219 1220 1542 1542
1220 1221 12 12
1221 1222 64 64
1222 1223 13 13
1223 1224 59 59
1224 1225 679 679
1225 1226 21 21
1226 1227 1455 1455
1227 1228 12 12
1228 1229 64 64
1229 1230 13 13
1230 1231 59 59
1231 1232 642 642
1232 1233 12 12
1233 1234 679 679
1234 1235 13 13
1235 1236 59 59
1236 1237 480 480
1237 1238 59 59
1238 1239 497 497
1239 1240 87 87
1240 1241 21 21
1241 1242 148 148
1242 1243 58 58
1243 1244 679 679
1244 1245 21 21
1245 1246 1542 1542
1246 1247 12 12
1247 1248 64 64
1248 1249 13 13
1249 1250 59 59
1250 1251 679 679
1251 1252 21 21
1252 1253 1455 1455
1253 1254 12 12
1254 1255 64 64
1255 1256 13 13
1256 1257 59 59
1257 1258 642 642
1258 1259 12 12
1259 1260 679 679
1260 1261 13 13
1261 1262 59 59
1262 1263 480 480
1263 1264 59 59
1264 1265 497 497
1265 1266 90 90
1266 1267 21 21
1267 1268 148 148
1268 1269 58 58
1269 1270 679 679
1270 1271 21 21
1271 1272 1542 1542
1272 1273 12 12
1273 1274 64 64
1274 1275 13 13
1275 1276 59 59
1276 1277 679 679
1277 1278 21 21
1278 1279 1455 1455
1279 1280 12 12
1280 1281 64 64
1281 1282 13 13
1282 1283 59 59
1283 1284 642 642
1284 1285 12 12
1285 1286 679 679
1286 1287 13 13
1287 1288 59 59
1288 1289 480 480
1289 1290 59 59
1290 1291 497 497
1291 1292 92 92
1292 1293 21 21
1293 1294 148 148
1294 1295 58 58
1295 1296 679 679
1296 1297 21 21
1297 1298 1542 1542
1298 1299 12 12
1299 1300 64 64
1300 1301 13 13
1301 1302 59 59
1302 1303 679 679
1303 1304 21 21
1304 1305 1455 1455
1305 1306 12 12
1306 1307 64 64
1307 1308 13 13
1308 1309 59 59
1309 1310 642 642
1310 1311 12 12
1311 1312 679 679
1312 1313 13 13
1313 1314 59 59
1314 1315 480 480
1315 1316 59 59
1316 1317 497 497
1317 1318 94 94
1318 1319 21 21
1319 1320 148 148
1320 1321 58 58
1321 1322 679 679
1322 1323 21 21
1323 1324 1542 1542
1324 1325 12 12
1325 1326 64 64
1326 1327 13 13
1327 1328 59 59
1328 1329 679 679
1329 1330 21 21
1330 1331 1455 1455
1331 1332 12 12
1332 1333 64 64
1333 1334 13 13
1334 1335 59 59
1335 1336 642 642
1336 1337 12 12
1337 1338 679 679
1338 1339 13 13
1339 1340 59 59
1340 1341 480 480
1341 1342 59 59
1342 1343 497 497
1343 1344 95 95
1344 1345 21 21
1345 1346 148 148
1346 1347 58 58
1347 1348 679 679
1348 1349 21 21
1349 1350 1542 1542
1350 1351 12 12
1351 1352 64 64
1352 1353 13 13
1353 1354 59 59
1354 1355 679 679
1355 1356 21 21
1356 1357 1455 1455
1357 1358 12 12
1358 1359 64 64
1359 1360 13 13
1360 1361 59 59
1361 1362 642 642
1362 1363 12 12
1363 1364 679 679
1364 1365 13 13
1365 1366 59 59
1366 1367 480 480
1367 1368 59 59
1368 1369 497 497
1369 1370 238 238
1370 1371 21 21
1371 1372 148 148
1372 1373 58 58
1373 1374 679 679
1374 1375 21 21
1375 1376 1542 1542
1376 1377 12 12
1377 1378 64 64
1378 1379 13 13
1379 1380 59 59
1380 1381 679 679
1381 1382 21 21
1382 1383 1455 1455
1383 1384 12 12
1384 1385 64 64
1385 1386 13 13
1386 1387 59 59
1387 1388 642 642
1388 1389 12 12
1389 1390 679 679
1390 1391 13 13
1391 1392 59 59
1392 1393 480 480
1393 1394 59 59
1394 1395 497 497
1395 1396 239 239
1396 1397 21 21
1397 1398 148 148
1398 1399 58 58
1399 1400 679 679
1400 1401 21 21
1401 1402 1542 1542
1402 1403 12 12
1403 1404 64 64
1404 1405 13 13
1405 1406 59 59
1406 1407 679 679
1407 1408 21 21
1408 1409 1455 1455
1409 1410 12 12
1410 1411 64 64
1411 1412 13 13
1412 1413 59 59
1413 1414 642 642
1414 1415 12 12
1415 1416 679 679
1416 1417 13 13
1417 1418 59 59
1418 1419 480 480
1419 1420 59 59
1420 1421 497 497
1421 1422 241 241
1422 1423 21 21
1423 1424 148 148
1424 1425 58 58
1425 1426 679 679
1426 1427 21 21
1427 1428 1542 1542
1428 1429 12 12
1429 1430 930 930
1430 1431 12 12
1431 1432 12 12
1432 1433 241 241
1433 1434 13 13
1434 1435 1328 1328
1435 1436 13 13
1436 1437 13 13
1437 1438 59 59
1438 1439 679 679
1439 1440 21 21
1440 1441 1455 1455
1441 1442 12 12
1442 1443 64 64
1443 1444 13 13
1444 1445 59 59
1445 1446 642 642
1446 1447 12 12
1447 1448 679 679
1448 1449 13 13
1449 1450 59 59
1450 1451 480 480
1451 1452 59 59
1452 1453 497 497
1453 1454 240 240
1454 1455 21 21
1455 1456 148 148
1456 1457 58 58
1457 1458 679 679
1458 1459 21 21
1459 1460 1542 1542
1460 1461 12 12
1461 1462 64 64
1462 1463 13 13
1463 1464 59 59
1464 1465 679 679
1465 1466 21 21
1466 1467 1455 1455
1467 1468 12 12
1468 1469 64 64
1469 1470 13 13
1470 1471 59 59
1471 1472 642 642
1472 1473 12 12
1473 1474 679 679
1474 1475 13 13
1475 1476 59 59
1476 1477 480 480
1477 1478 59 59
1478 1479 617 617
1479 1480 58 58
1480 1481 679 679
1481 1482 21 21
1482 1483 1542 1542
1483 1484 12 12
1484 1485 64 64
1485 1486 13 13
1486 1487 59 59
1487 1488 679 679
1488 1489 21 21
1489 1490 1455 1455
1490 1491 12 12
1491 1492 64 64
1492 1493 13 13
1493 1494 59 59
1494 1495 642 642
1495 1496 12 12
1496 1497 679 679
1497 1498 13 13
1498 1499 59 59
1499 1500 480 480
1500 1501 59 59
1501 1502 1725 1725
1502 1503 1725 1725
1503 1504 1287 1287
1504 1505 358 358
1505 1506 930 930
1506 1507 12 12
1507 1508 241 241
1508 1509 1328 1328
1509 1510 13 13
1510 1511 1721 1721
1511 1512 1592 1592
1512 1513 12 12
1513 1514 1328 1328
1514 1515 21 21
1515 1516 930 930
1516 1517 12 12
1517 1518 13 13
1518 1519 13 13
1519 1520 1721 1721
1520 1521 497 497
1521 1522 241 241
1522 1523 21 21
1523 1524 405 405
1524 1525 58 58
1525 1526 1400 1400
1526 1527 64 64
1527 1528 59 59
1528 1529 497 497
1529 1530 241 241
1530 1531 21 21
1531 1532 404 404
1532 1533 58 58
1533 1534 1400 1400
1534 1535 64 64
1535 1536 59 59
1536 1537 497 497
1537 1538 241 241
1538 1539 21 21
1539 1540 406 406
1540 1541 58 58
1541 1542 1400 1400
1542 1543 64 64
1543 1544 59 59
1544 1545 497 497
1545 1546 241 241
1546 1547 21 21
1547 1548 247 247
1548 1549 58 58
1549 1550 1400 1400
1550 1551 64 64
1551 1552 59 59
1552 1553 497 497
1553 1554 241 241
1554 1555 21 21
1555 1556 248 248
1556 1557 58 58
1557 1558 1400 1400
1558 1559 64 64
1559 1560 59 59
1560 1561 1725 1725
1561 1562 1400 1400
1562 1563 64 64
1563 1564 59 59
1564 1565 1725 1725
1565 1566 1287 1287
1566 1567 1687 1687
1567 1568 642 642
1568 1569 12 12
1569 1570 181 181
1570 1571 679 679
1571 1572 13 13
1572 1573 1613 1613
1573 1574 182 182
1574 1575 1721 1721
1575 1576 964 964
1576 1577 12 12
1577 1578 679 679
1578 1579 21 21
1579 1580 894 894
1580 1581 12 12
1581 1582 13 13
1582 1583 2 2
1583 1584 1206 1206
1584 1585 13 13
1585 1586 1721 1721
1586 1587 257 257
1587 1588 1104 1104
1588 1589 65 65
1589 1590 126 126
1590 1591 21 21
1591 1592 1562 1562
1592 1593 12 12
1593 1594 679 679
1594 1595 13 13
1595 1596 59 59
1596 1597 257 257
1597 1598 1396 1396
1598 1599 65 65
1599 1600 679 679
1600 1601 21 21
1601 1602 894 894
1602 1603 12 12
1603 1604 13 13
1604 1605 21 21
1605 1606 687 687
1606 1607 12 12
1607 1608 1104 1104
1608 1609 13 13
1609 1610 21 21
1610 1611 907 907
1611 1612 12 12
1612 1613 13 13
1613 1614 59 59
1614 1615 964 964
1615 1616 12 12
1616 1617 1396 1396
1617 1618 21 21
1618 1619 1027 1027
1619 1620 12 12
1620 1621 13 13
1621 1622 13 13
1622 1623 1721 1721
1623 1624 1400 1400
1624 1625 59 59
1625 1626 1725 1725
1626 1627 1725 1725
1627 1628 146 146
1628 1629 21 21
1629 1630 1527 1527
1630 1631 12 12
1631 1632 1392 1392
1632 1633 13 13
1633 1634 59 59
1634 1635 1644 1644
1635 1636 1721 1721
1636 1637 551 551
1637 1638 21 21
1638 1639 1296 1296
1639 1640 12 12
1640 1641 64 64
1641 1642 18 18
1642 1643 679 679
1643 1644 21 21
1644 1645 833 833
1645 1646 12 12
1646 1647 13 13
1647 1648 13 13
1648 1649 59 59
1649 1650 551 551
1650 1651 21 21
1651 1652 1296 1296
1652 1653 12 12
1653 1654 64 64
1654 1655 18 18
1655 1656 679 679
1656 1657 21 21
1657 1658 897 897
1658 1659 12 12
1659 1660 13 13
1660 1661 13 13
1661 1662 59 59
1662 1663 551 551
1663 1664 21 21
1664 1665 1296 1296
1665 1666 12 12
1666 1667 64 64
1667 1668 18 18
1668 1669 679 679
1669 1670 21 21
1670 1671 930 930
1671 1672 12 12
1672 1673 13 13
1673 1674 13 13
1674 1675 59 59
1675 1676 964 964
1676 1677 12 12
1677 1678 679 679
1678 1679 21 21
1679 1680 897 897
1680 1681 12 12
1681 1682 13 13
1682 1683 1004 1004
1683 1684 91 91
1684 1685 13 13
1685 1686 1721 1721
1686 1687 551 551
1687 1688 21 21
1688 1689 1296 1296
1689 1690 12 12
1690 1691 64 64
1691 1692 18 18
1692 1693 1174 1174
1693 1694 284 284
1694 1695 12 12
1695 1696 12 12
1696 1697 91 91
1697 1698 13 13
1698 1699 679 679
1699 1700 21 21
1700 1701 897 897
1701 1702 12 12
1702 1703 13 13
1703 1704 13 13
1704 1705 13 13
1705 1706 59 59
1706 1707 1725 1725
1707 1708 374 374
1708 1709 1604 1604
1709 1710 65 65
1710 1711 1685 1685
1711 1712 21 21
1712 1713 919 919
1713 1714 12 12
1714 1715 679 679
1715 1716 21 21
1716 1717 789 789
1717 1718 12 12
1718 1719 13 13
1719 1720 13 13
1720 1721 59 59
1721 1722 319 319
1722 1723 1717 1717
1723 1724 65 65
1724 1725 1174 1174
1725 1726 319 319
1726 1727 12 12
1727 1728 367 367
1728 1729 21 21
1729 1730 1241 1241
1730 1731 13 13
1731 1732 59 59
1732 1733 1604 1604
1733 1734 21 21
1734 1735 1152 1152
1735 1736 12 12
1736 1737 551 551
1737 1738 18 18
1738 1739 1717 1717
1739 1740 13 13
1740 1741 59 59
1741 1742 1717 1717
1742 1743 21 21
1743 1744 1286 1286
1744 1745 12 12
1745 1746 13 13
1746 1747 59 59
1747 1748 1717 1717
1748 1749 21 21
1749 1750 720 720
1750 1751 12 12
1751 1752 13 13
1752 1753 59 59
1753 1754 1725 1725
1754 1755 708 708
1755 1756 1721 1721
1756 1757 146 146
1757 1758 21 21
1758 1759 1527 1527
1759 1760 12 12
1760 1761 1206 1206
1761 1762 13 13
1762 1763 59 59
1763 1764 1725 1725
1764 1765 1725 1725
1765 1766 1293 1293
1766 1767 1687 1687
1767 1768 1497 1497
1768 1769 12 12
1769 1770 358 358
1770 1771 1156 1156
1771 1772 13 13
1772 1773 1721 1721
1773 1774 1608 1608
1774 1775 21 21
1775 1776 1156 1156
1776 1777 65 65
1777 1778 1156 1156
1778 1779 59 59
1779 1780 1725 1725
1780 1781 1293 1293
1781 1782 1687 1687
1782 1783 1535 1535
1783 1784 12 12
1784 1785 358 358
1785 1786 416 416
1786 1787 13 13
1787 1788 1721 1721
1788 1789 1608 1608
1789 1790 21 21
1790 1791 1626 1626
1791 1792 65 65
1792 1793 416 416
1793 1794 59 59
1794 1795 1725 1725
1795 1796 1293 1293
1796 1797 1687 1687
1797 1798 1537 1537
1798 1799 12 12
1799 1800 358 358
1800 1801 1633 1633
1801 1802 13 13
1802 1803 1721 1721
1803 1804 1608 1608
1804 1805 21 21
1805 1806 1633 1633
1806 1807 65 65
1807 1808 1633 1633
1808 1809 59 59
1809 1810 1725 1725
1810 1811 1293 1293
1811 1812 1687 1687
1812 1813 1536 1536
1813 1814 12 12
1814 1815 358 358
1815 1816 1631 1631
1816 1817 13 13
1817 1818 1721 1721
1818 1819 1608 1608
1819 1820 21 21
1820 1821 1631 1631
1821 1822 65 65
1822 1823 1631 1631
1823 1824 59 59
1824 1825 1725 1725
1825 1826 1293 1293
1826 1827 1687 1687
1827 1828 1543 1543
1828 1829 12 12
1829 1830 358 358
1830 1831 1651 1651
1831 1832 13 13
1832 1833 1721 1721
1833 1834 1608 1608
1834 1835 21 21
1835 1836 1651 1651
1836 1837 65 65
1837 1838 1651 1651
1838 1839 59 59
1839 1840 1725 1725
1840 1841 1293 1293
1841 1842 1687 1687
1842 1843 1521 1521
1843 1844 12 12
1844 1845 358 358
1845 1846 1300 1300
1846 1847 13 13
1847 1848 1721 1721
1848 1849 1608 1608
1849 1850 21 21
1850 1851 1300 1300
1851 1852 65 65
1852 1853 1300 1300
1853 1854 59 59
1854 1855 1725 1725
1855 1856 1293 1293
1856 1857 358 358
1857 1858 894 894
1858 1859 12 12
1859 1860 13 13
1860 1861 1721 1721
1861 1862 1400 1400
1862 1863 1693 1693
1863 1864 59 59
1864 1865 1725 1725
1865 1866 1293 1293
1866 1867 1687 1687
1867 1868 1554 1554
1868 1869 12 12
1869 1870 358 358
1870 1871 1299 1299
1871 1872 13 13
1872 1873 1721 1721
1873 1874 1608 1608
1874 1875 21 21
1875 1876 1693 1693
1876 1877 65 65
1877 1878 1299 1299
1878 1879 59 59
1879 1880 1725 1725
1880 1881 1293 1293
1881 1882 479 479
1882 1883 1031 1031
1883 1884 12 12
1884 1885 13 13
1885 1886 1721 1721
1886 1887 1400 1400
1887 1888 956 956
1888 1889 59 59
1889 1890 1725 1725
1890 1891 1293 1293
1891 1892 1687 1687
1892 1893 1456 1456
1893 1894 12 12
1894 1895 479 479
1895 1896 956 956
1896 1897 13 13
1897 1898 1721 1721
1898 1899 1608 1608
1899 1900 21 21
1900 1901 956 956
1901 1902 65 65
1902 1903 956 956
1903 1904 59 59
1904 1905 1725 1725
1905 1906 1293 1293
1906 1907 97 97
1907 1908 60 60
1908 1909 187 187
1909 1910 67 67
1910 1911 775 775
1911 1912 12 12
1912 1913 13 13
1913 1914 1721 1721
1914 1915 1400 1400
1915 1916 638 638
1916 1917 59 59
1917 1918 1725 1725
1918 1919 1725 1725
1919 1920 63 63
1920
