1727 3453
1728 3454
1729 3455
1730 3456
1731 3457
1732 3458
1733 3459
1734 3460
1735 3461
1736 3462
1737 3463
1738 3464
1739 3465
1740 3466
1741 3467
1742 3468
1743 3469
1744 3470
1745 3471
1746 3472
1747 3473
1748 3474
1749 3475
1750 3476
1751 3477
1752 3478
1753 3479
1754 3480
1755 3481
1756 3482
1757 3483
1758 3484
1759 3485
1760 3486
1761 3487
1762 3488
1763 3489
1764 3490
1765 3491
1766 3492
1767 3493
1768 3494
1769 3495
1770 3496
1771 3497
1772 3498
1773 3499
1774 3500
1775 3501
1776 3502
1777 3503
1778 3504
1779 3505
1780 3506
1781 3507
1782 3508
1783 3509
1784 3510
1785 3511
1786 3512
1787 3513
1788 3514
1789 3515
1790 3516
1791 3517
1792 3518
1793 3519
1794 3520
1795 3521
1796 3522
1797 3523
1798 3524
1799 3525
1800 3526
1801 3527
1802 3528
1803 3529
1804 3530
1805 3531
1806 3532
1807 3533
1808 3534
1809 3535
1810 3536
1811 3537
1812 3538
1813 3539
1814 3540
1815 3541
1816 3542
1817 3543
1818 3544
1819 3545
1820 3546
1821 3547
1822 3548
1823 3549
1824 3550
1825 3551
1826 3552
1827 3553
1828 3554
1829 3555
1830 3556
1831 3557
1832 3558
1833 3559
1834 3560
1835 3561
1836 3562
1837 3563
1838 3564
1839 3565
1840 3566
1841 3567
1842 3568
1843 3569
1844 3570
1845 3571
1846 3572
1847 3573
1848 3574
1849 3575
1850 3576
1851 3577
1852 3578
1853 3579
1854 3580
1855 3581
1856 3582
1857 3583
1858 3584
1859 3585
1860 3586
1861 3587
1862 3588
1863 3589
1864 3590
1865 3591
1866 3592
1867 3593
1868 3594
1869 3595
1870 3596
1871 3597
1872 3598
1873 3599
1874 3600
1875 3601
1876 3602
1877 3603
1878 3604
1879 3605
1880 3606
1881 3607
1882 3608
1883 3609
1884 3610
1885 3611
1886 3612
1887 3613
1888 3614
1889 3615
1890 3616
1891 3617
1892 3618
1893 3619
1894 3620
1895 3621
1896 3622
1897 3623
1898 3624
1899 3625
1900 3626
1901 3627
1902 3628
1903 3629
1904 3630
1905 3631
1906 3632
1907 3633
1908 3634
1909 3635
1910 3636
1911 3637
1912 3638
1913 3639
1914 3640
1915 3641
1916 3642
1917 3643
1918 3644
1919 3645
1920 3646
1921 3647
1922 3648
1923 3649
1924 3650
1925 3651
1926 3652
1927 3653
1928 3654
1929 3655
1930 3656
1931 3657
1932 3658
1933 3659
1934 3660
1935 3661
1936 3662
1937 3663
1938 3664
1939 3665
1940 3666
1941 3667
1942 3668
1943 3669
1944 3670
1945 3671
1946 3672
1947 3673
1948 3674
1949 3675
1950 3676
1951 3677
1952 3678
1953 3679
1954 3680
1955 3681
1956 3682
1957 3683
1958 3684
1959 3685
1960 3686
1961 3687
1962 3688
1963 3689
1964 3690
1965 3691
1966 3692
1967 3693
1968 3694
1969 3695
1970 3696
1971 3697
1972 3698
1973 3699
1974 3700
1975 3701
1976 3702
1977 3703
1978 3704
1979 3705
1980 3706
1981 3707
1982 3708
1983 3709
1984 3710
1985 3711
1986 3712
1987 3713
1988 3714
1989 3715
1990 3716
1991 3717
1992 3718
1993 3719
1994 3720
1995 3721
1996 3722
1997 3723
1998 3724
1999 3725
2000 3726
2001 3727
2002 3728
2003 3729
2004 3730
2005 3731
2006 3732
2007 3733
2008 3734
2009 3735
2010 3736
2011 3737
2012 3738
2013 3739
2014 3740
2015 3741
2016 3742
2017 3743
2018 3744
2019 3745
2020 3746
2021 3747
2022 3748
2023 3749
2024 3750
2025 3751
2026 3752
2027 3753
2028 3754
2029 3755
2030 3756
2031 3757
2032 3758
2033 3759
2034 3760
2035 3761
2036 3762
2037 3763
2038 3764
2039 3765
2040 3766
2041 3767
2042 3768
2043 3769
2044 3770
2045 3771
2046 3772
2047 3773
2048 3774
2049 3775
2050 3776
2051 3777
2052 3778
2053 3779
2054 3780
2055 3781
2056 3782
2057 3783
2058 3784
2059 3785
2060 3786
2061 3787
2062 3788
2063 3789
2064 3790
2065 3791
2066 3792
2067 3793
2068 3794
2069 3795
2070 3796
2071 3797
2072 3798
2073 3799
2074 3800
2075 3801
2076 3802
2077 3803
2078 3804
2079 3805
2080 3806
2081 3807
2082 3808
2083 3809
2084 3810
2085 3811
2086 3812
2087 3813
2088 3814
2089 3815
2090 3816
2091 3817
2092 3818
2093 3819
2094 3820
2095 3821
2096 3822
2097 3823
2098 3824
2099 3825
2100 3826
2101 3827
2102 3828
2103 3829
2104 3830
2105 3831
2106 3832
2107 3833
2108 3834
2109 3835
2110 3836
2111 3837
2112 3838
2113 3839
2114 3840
2115 3841
2116 3842
2117 3843
2118 3844
2119 3845
2120 3846
2121 3847
2122 3848
2123 3849
2124 3850
2125 3851
2126 3852
2127 3853
2128 3854
2129 3855
2130 3856
2131 3857
2132 3858
2133 3859
2134 3860
2135 3861
2136 3862
2137 3863
2138 3864
2139 3865
2140 3866
2141 3867
2142 3868
2143 3869
2144 3870
2145 3871
2146 3872
2147 3873
2148 3874
2149 3875
2150 3876
2151 3877
2152 3878
2153 3879
2154 3880
2155 3881
2156 3882
2157 3883
2158 3884
2159 3885
2160 3886
2161 3887
2162 3888
2163 3889
2164 3890
2165 3891
2166 3892
2167 3893
2168 3894
2169 3895
2170 3896
2171 3897
2172 3898
2173 3899
2174 3900
2175 3901
2176 3902
2177 3903
2178 3904
2179 3905
2180 3906
2181 3907
2182 3908
2183 3909
2184 3910
2185 3911
2186 3912
2187 3913
2188 3914
2189 3915
2190 3916
2191 3917
2192 3918
2193 3919
2194 3920
2195 3921
2196 3922
2197 3923
2198 3924
2199 3925
2200 3926
2201 3927
2202 3928
2203 3929
2204 3930
2205 3931
2206 3932
2207 3933
2208 3934
2209 3935
2210 3936
2211 3937
2212 3938
2213 3939
2214 3940
2215 3941
2216 3942
2217 3943
2218 3944
2219 3945
2220 3946
2221 3947
2222 3948
2223 3949
2224 3950
2225 3951
2226 3952
2227 3953
2228 3954
2229 3955
2230 3956
2231 3957
2232 3958
2233 3959
2234 3960
2235 3961
2236 3962
2237 3963
2238 3964
2239 3965
2240 3966
2241 3967
2242 3968
2243 3969
2244 3970
2245 3971
2246 3972
2247 3973
2248 3974
2249 3975
2250 3976
2251 3977
2252 3978
2253 3979
2254 3980
2255 3981
2256 3982
2257 3983
2258 3984
2259 3985
2260 3986
2261 3987
2262 3988
2263 3989
2264 3990
2265 3991
2266 3992
2267 3993
2268 3994
2269 3995
2270 3996
2271 3997
2272 3998
2273 3999
2274 4000
2275 4001
2276 4002
2277 4003
2278 4004
2279 4005
2280 4006
2281 4007
2282 4008
2283 4009
2284 4010
2285 4011
2286 4012
2287 4013
2288 4014
2289 4015
2290 4016
2291 4017
2292 4018
2293 4019
2294 4020
2295 4021
2296 4022
2297 4023
2298 4024
2299 4025
2300 4026
2301 4027
2302 4028
2303 4029
2304 4030
2305 4031
2306 4032
2307 4033
2308 4034
2309 4035
2310 4036
2311 4037
2312 4038
2313 4039
2314 4040
2315 4041
2316 4042
2317 4043
2318 4044
2319 4045
2320 4046
2321 4047
2322 4048
2323 4049
2324 4050
2325 4051
2326 4052
2327 4053
2328 4054
2329 4055
2330 4056
2331 4057
2332 4058
2333 4059
2334 4060
2335 4061
2336 4062
2337 4063
2338 4064
2339 4065
2340 4066
2341 4067
2342 4068
2343 4069
2344 4070
2345 4071
2346 4072
2347 4073
2348 4074
2349 4075
2350 4076
2351 4077
2352 4078
2353 4079
2354 4080
2355 4081
2356 4082
2357 4083
2358 4084
2359 4085
2360 4086
2361 4087
2362 4088
2363 4089
2364 4090
2365 4091
2366 4092
2367 4093
2368 4094
2369 4095
2370 4096
2371 4097
2372 4098
2373 4099
2374 4100
2375 4101
2376 4102
2377 4103
2378 4104
2379 4105
2380 4106
2381 4107
2382 4108
2383 4109
2384 4110
2385 4111
2386 4112
2387 4113
2388 4114
2389 4115
2390 4116
2391 4117
2392 4118
2393 4119
2394 4120
2395 4121
2396 4122
2397 4123
2398 4124
2399 4125
2400 4126
2401 4127
2402 4128
2403 4129
2404 4130
2405 4131
2406 4132
2407 4133
2408 4134
2409 4135
2410 4136
2411 4137
2412 4138
2413 4139
2414 4140
2415 4141
2416 4142
2417 4143
2418 4144
2419 4145
2420 4146
2421 4147
2422 4148
2423 4149
2424 4150
2425 4151
2426 4152
2427 4153
2428 4154
2429 4155
2430 4156
2431 4157
2432 4158
2433 4159
2434 4160
2435 4161
2436 4162
2437 4163
2438 4164
2439 4165
2440 4166
2441 4167
2442 4168
2443 4169
2444 4170
2445 4171
2446 4172
2447 4173
2448 4174
2449 4175
2450 4176
2451 4177
2452 4178
2453 4179
2454 4180
2455 4181
2456 4182
2457 4183
2458 4184
2459 4185
2460 4186
2461 4187
2462 4188
2463 4189
2464 4190
2465 4191
2466 4192
2467 4193
2468 4194
2469 4195
2470 4196
2471 4197
2472 4198
2473 4199
2474 4200
2475 4201
2476 4202
2477 4203
2478 4204
2479 4205
2480 4206
2481 4207
2482 4208
2483 4209
2484 4210
2485 4211
2486 4212
2487 4213
2488 4214
2489 4215
2490 4216
2491 4217
2492 4218
2493 4219
2494 4220
2495 4221
2496 4222
2497 4223
2498 4224
2499 4225
2500 4226
2501 4227
2502 4228
2503 4229
2504 4230
2505 4231
2506 4232
2507 4233
2508 4234
2509 4235
2510 4236
2511 4237
2512 4238
2513 4239
2514 4240
2515 4241
2516 4242
2517 4243
2518 4244
2519 4245
2520 4246
2521 4247
2522 4248
2523 4249
2524 4250
2525 4251
2526 4252
2527 4253
2528 4254
2529 4255
2530 4256
2531 4257
2532 4258
2533 4259
2534 4260
2535 4261
2536 4262
2537 4263
2538 4264
2539 4265
2540 4266
2541 4267
2542 4268
2543 4269
2544 4270
2545 4271
2546 4272
2547 4273
2548 4274
2549 4275
2550 4276
2551 4277
2552 4278
2553 4279
2554 4280
2555 4281
2556 4282
2557 4283
2558 4284
2559 4285
2560 4286
2561 4287
2562 4288
2563 4289
2564 4290
2565 4291
2566 4292
2567 4293
2568 4294
2569 4295
2570 4296
2571 4297
2572 4298
2573 4299
2574 4300
2575 4301
2576 4302
2577 4303
2578 4304
2579 4305
2580 4306
2581 4307
2582 4308
2583 4309
2584 4310
2585 4311
2586 4312
2587 4313
2588 4314
2589 4315
2590 4316
2591 4317
2592 4318
2593 4319
2594 4320
2595 4321
2596 4322
2597 4323
2598 4324
2599 4325
2600 4326
2601 4327
2602 4328
2603 4329
2604 4330
2605 4331
2606 4332
2607 4333
2608 4334
2609 4335
2610 4336
2611 4337
2612 4338
2613 4339
2614 4340
2615 4341
2616 4342
2617 4343
2618 4344
2619 4345
2620 4346
2621 4347
2622 4348
2623 4349
2624 4350
2625 4351
2626 4352
2627 4353
2628 4354
2629 4355
2630 4356
2631 4357
2632 4358
2633 4359
2634 4360
2635 4361
2636 4362
2637 4363
2638 4364
2639 4365
2640 4366
2641 4367
2642 4368
2643 4369
2644 4370
2645 4371
2646 4372
2647 4373
2648 4374
2649 4375
2650 4376
2651 4377
2652 4378
2653 4379
2654 4380
2655 4381
2656 4382
2657 4383
2658 4384
2659 4385
2660 4386
2661 4387
2662 4388
2663 4389
2664 4390
2665 4391
2666 4392
2667 4393
2668 4394
2669 4395
2670 4396
2671 4397
2672 4398
2673 4399
2674 4400
2675 4401
2676 4402
2677 4403
2678 4404
2679 4405
2680 4406
2681 4407
2682 4408
2683 4409
2684 4410
2685 4411
2686 4412
2687 4413
2688 4414
2689 4415
2690 4416
2691 4417
2692 4418
2693 4419
2694 4420
2695 4421
2696 4422
2697 4423
2698 4424
2699 4425
2700 4426
2701 4427
2702 4428
2703 4429
2704 4430
2705 4431
2706 4432
2707 4433
2708 4434
2709 4435
2710 4436
2711 4437
2712 4438
2713 4439
2714 4440
2715 4441
2716 4442
2717 4443
2718 4444
2719 4445
2720 4446
2721 4447
2722 4448
2723 4449
2724 4450
2725 4451
2726 4452
2727 4453
2728 4454
2729 4455
2730 4456
2731 4457
2732 4458
2733 4459
2734 4460
2735 4461
2736 4462
2737 4463
2738 4464
2739 4465
2740 4466
2741 4467
2742 4468
2743 4469
2744 4470
2745 4471
2746 4472
2747 4473
2748 4474
2749 4475
2750 4476
2751 4477
2752 4478
2753 4479
2754 4480
2755 4481
2756 4482
2757 4483
2758 4484
2759 4485
2760 4486
2761 4487
2762 4488
2763 4489
2764 4490
2765 4491
2766 4492
2767 4493
2768 4494
2769 4495
2770 4496
2771 4497
2772 4498
2773 4499
2774 4500
2775 4501
2776 4502
2777 4503
2778 4504
2779 4505
2780 4506
2781 4507
2782 4508
2783 4509
2784 4510
2785 4511
2786 4512
2787 4513
2788 4514
2789 4515
2790 4516
2791 4517
2792 4518
2793 4519
2794 4520
2795 4521
2796 4522
2797 4523
2798 4524
2799 4525
2800 4526
2801 4527
2802 4528
2803 4529
2804 4530
2805 4531
2806 4532
2807 4533
2808 4534
2809 4535
2810 4536
2811 4537
2812 4538
2813 4539
2814 4540
2815 4541
2816 4542
2817 4543
2818 4544
2819 4545
2820 4546
2821 4547
2822 4548
2823 4549
2824 4550
2825 4551
2826 4552
2827 4553
2828 4554
2829 4555
2830 4556
2831 4557
2832 4558
2833 4559
2834 4560
2835 4561
2836 4562
2837 4563
2838 4564
2839 4565
2840 4566
2841 4567
2842 4568
2843 4569
2844 4570
2845 4571
2846 4572
2847 4573
2848 4574
2849 4575
2850 4576
2851 4577
2852 4578
2853 4579
2854 4580
2855 4581
2856 4582
2857 4583
2858 4584
2859 4585
2860 4586
2861 4587
2862 4588
2863 4589
2864 4590
2865 4591
2866 4592
2867 4593
2868 4594
2869 4595
2870 4596
2871 4597
2872 4598
2873 4599
2874 4600
2875 4601
2876 4602
2877 4603
2878 4604
2879 4605
2880 4606
2881 4607
2882 4608
2883 4609
2884 4610
2885 4611
2886 4612
2887 4613
2888 4614
2889 4615
2890 4616
2891 4617
2892 4618
2893 4619
2894 4620
2895 4621
2896 4622
2897 4623
2898 4624
2899 4625
2900 4626
2901 4627
2902 4628
2903 4629
2904 4630
2905 4631
2906 4632
2907 4633
2908 4634
2909 4635
2910 4636
2911 4637
2912 4638
2913 4639
2914 4640
2915 4641
2916 4642
2917 4643
2918 4644
2919 4645
2920 4646
2921 4647
2922 4648
2923 4649
2924 4650
2925 4651
2926 4652
2927 4653
2928 4654
2929 4655
2930 4656
2931 4657
2932 4658
2933 4659
2934 4660
2935 4661
2936 4662
2937 4663
2938 4664
2939 4665
2940 4666
2941 4667
2942 4668
2943 4669
2944 4670
2945 4671
2946 4672
2947 4673
2948 4674
2949 4675
2950 4676
2951 4677
2952 4678
2953 4679
2954 4680
2955 4681
2956 4682
2957 4683
2958 4684
2959 4685
2960 4686
2961 4687
2962 4688
2963 4689
2964 4690
2965 4691
2966 4692
2967 4693
2968 4694
2969 4695
2970 4696
2971 4697
2972 4698
2973 4699
2974 4700
2975 4701
2976 4702
2977 4703
2978 4704
2979 4705
2980 4706
2981 4707
2982 4708
2983 4709
2984 4710
2985 4711
2986 4712
2987 4713
2988 4714
2989 4715
2990 4716
2991 4717
2992 4718
2993 4719
2994 4720
2995 4721
2996 4722
2997 4723
2998 4724
2999 4725
3000 4726
3001 4727
3002 4728
3003 4729
3004 4730
3005 4731
3006 4732
3007 4733
3008 4734
3009 4735
3010 4736
3011 4737
3012 4738
3013 4739
3014 4740
3015 4741
3016 4742
3017 4743
3018 4744
3019 4745
3020 4746
3021 4747
3022 4748
3023 4749
3024 4750
3025 4751
3026 4752
3027 4753
3028 4754
3029 4755
3030 4756
3031 4757
3032 4758
3033 4759
3034 4760
3035 4761
3036 4762
3037 4763
3038 4764
3039 4765
3040 4766
3041 4767
3042 4768
3043 4769
3044 4770
3045 4771
3046 4772
3047 4773
3048 4774
3049 4775
3050 4776
3051 4777
3052 4778
3053 4779
3054 4780
3055 4781
3056 4782
3057 4783
3058 4784
3059 4785
3060 4786
3061 4787
3062 4788
3063 4789
3064 4790
3065 4791
3066 4792
3067 4793
3068 4794
3069 4795
3070 4796
3071 4797
3072 4798
3073 4799
3074 4800
3075 4801
3076 4802
3077 4803
3078 4804
3079 4805
3080 4806
3081 4807
3082 4808
3083 4809
3084 4810
3085 4811
3086 4812
3087 4813
3088 4814
3089 4815
3090 4816
3091 4817
3092 4818
3093 4819
3094 4820
3095 4821
3096 4822
3097 4823
3098 4824
3099 4825
3100 4826
3101 4827
3102 4828
3103 4829
3104 4830
3105 4831
3106 4832
3107 4833
3108 4834
3109 4835
3110 4836
3111 4837
3112 4838
3113 4839
3114 4840
3115 4841
3116 4842
3117 4843
3118 4844
3119 4845
3120 4846
3121 4847
3122 4848
3123 4849
3124 4850
3125 4851
3126 4852
3127 4853
3128 4854
3129 4855
3130 4856
3131 4857
3132 4858
3133 4859
3134 4860
3135 4861
3136 4862
3137 4863
3138 4864
3139 4865
3140 4866
3141 4867
3142 4868
3143 4869
3144 4870
3145 4871
3146 4872
3147 4873
3148 4874
3149 4875
3150 4876
3151 4877
3152 4878
3153 4879
3154 4880
3155 4881
3156 4882
3157 4883
3158 4884
3159 4885
3160 4886
3161 4887
3162 4888
3163 4889
3164 4890
3165 4891
3166 4892
3167 4893
3168 4894
3169 4895
3170 4896
3171 4897
3172 4898
3173 4899
3174 4900
3175 4901
3176 4902
3177 4903
3178 4904
3179 4905
3180 4906
3181 4907
3182 4908
3183 4909
3184 4910
3185 4911
3186 4912
3187 4913
3188 4914
3189 4915
3190 4916
3191 4917
3192 4918
3193 4919
3194 4920
3195 4921
3196 4922
3197 4923
3198 4924
3199 4925
3200 4926
3201 4927
3202 4928
3203 4929
3204 4930
3205 4931
3206 4932
3207 4933
3208 4934
3209 4935
3210 4936
3211 4937
3212 4938
3213 4939
3214 4940
3215 4941
3216 4942
3217 4943
3218 4944
3219 4945
3220 4946
3221 4947
3222 4948
3223 4949
3224 4950
3225 4951
3226 4952
3227 4953
3228 4954
3229 4955
3230 4956
3231 4957
3232 4958
3233 4959
3234 4960
3235 4961
3236 4962
3237 4963
3238 4964
3239 4965
3240 4966
3241 4967
3242 4968
3243 4969
3244 4970
3245 4971
3246 4972
3247 4973
3248 4974
3249 4975
3250 4976
3251 4977
3252 4978
3253 4979
3254 4980
3255 4981
3256 4982
3257 4983
3258 4984
3259 4985
3260 4986
3261 4987
3262 4988
3263 4989
3264 4990
3265 4991
3266 4992
3267 4993
3268 4994
3269 4995
3270 4996
3271 4997
3272 4998
3273 4999
3274 5000
3275 5001
3276 5002
3277 5003
3278 5004
3279 5005
3280 5006
3281 5007
3282 5008
3283 5009
3284 5010
3285 5011
3286 5012
3287 5013
3288 5014
3289 5015
3290 5016
3291 5017
3292 5018
3293 5019
3294 5020
3295 5021
3296 5022
3297 5023
3298 5024
3299 5025
3300 5026
3301 5027
3302 5028
3303 5029
3304 5030
3305 5031
3306 5032
3307 5033
3308 5034
3309 5035
3310 5036
3311 5037
3312 5038
3313 5039
3314 5040
3315 5041
3316 5042
3317 5043
3318 5044
3319 5045
3320 5046
3321 5047
3322 5048
3323 5049
3324 5050
3325 5051
3326 5052
3327 5053
3328 5054
3329 5055
3330 5056
3331 5057
3332 5058
3333 5059
3334 5060
3335 5061
3336 5062
3337 5063
3338 5064
3339 5065
3340 5066
3341 5067
3342 5068
3343 5069
3344 5070
3345 5071
3346 5072
3347 5073
3348 5074
3349 5075
3350 5076
3351 5077
3352 5078
3353 5079
3354 5080
3355 5081
3356 5082
3357 5083
3358 5084
3359 5085
3360 5086
3361 5087
3362 5088
3363 5089
3364 5090
3365 5091
3366 5092
3367 5093
3368 5094
3369 5095
3370 5096
3371 5097
3372 5098
3373 5099
3374 5100
3375 5101
3376 5102
3377 5103
3378 5104
3379 5105
3380 5106
3381 5107
3382 5108
3383 5109
3384 5110
3385 5111
3386 5112
3387 5113
3388 5114
3389 5115
3390 5116
3391 5117
3392 5118
3393 5119
3394 5120
3395 5121
3396 5122
3397 5123
3398 5124
3399 5125
3400 5126
3401 5127
3402 5128
3403 5129
3404 5130
3405 5131
3406 5132
3407 5133
3408 5134
3409 5135
3410 5136
3411 5137
3412 5138
3413 5139
3414 5140
3415 5141
3416 5142
3417 5143
3418 5144
3419 5145
3420 5146
3421 5147
3422 5148
3423 5149
3424 5150
3425 5151
3426 5152
3427 5153
3428 5154
3429 5155
3430 5156
3431 5157
3432 5158
3433 5159
3434 5160
3435 5161
3436 5162
3437 5163
3438 5164
3439 5165
3440 5166
3441 5167
3442 5168
3443 5169
3444 5170
3445 5171
3446 5172
3447 5173
3448 5174
3449 5175
3450 5176
3451 5177
3452 5178
5179 8238
5180 8239
5181 8240
5182 8241
5183 8242
5184 8243
5185 8244
5186 8245
5187 8246
5188 8247
5189 8248
5190 8249
5191 8250
5192 8251
5193 8252
5194 8253
5195 8254
5196 8255
5197 8256
5198 8257
5199 8258
5200 8259
5201 8260
5202 8261
5203 8262
5204 8263
5205 8264
5206 8265
5207 8266
5208 8267
5209 8268
5210 8269
5211 8270
5212 8271
5213 8272
5214 8273
5215 8274
5216 8275
5217 8276
5218 8277
5219 8278
5220 8279
5221 8280
5222 8281
5223 8282
5224 8283
5225 8284
5226 8285
5227 8286
5228 8287
5229 8288
5230 8289
5231 8290
5232 8291
5233 8292
5234 8293
5235 8294
5236 8295
5237 8296
5238 8297
5239 8298
5240 8299
5241 8300
5242 8301
5243 8302
5244 8303
5245 8304
5246 8305
5247 8306
5248 8307
5249 8308
5250 8309
5251 8310
5252 8311
5253 8312
5254 8313
5255 8314
5256 8315
5257 8316
5258 8317
5259 8318
5260 8319
5261 8320
5262 8321
5263 8322
5264 8323
5265 8324
5266 8325
5267 8326
5268 8327
5269 8328
5270 8329
5271 8330
5272 8331
5273 8332
5274 8333
5275 8334
5276 8335
5277 8336
5278 8337
5279 8338
5280 8339
5281 8340
5282 8341
5283 8342
5284 8343
5285 8344
5286 8345
5287 8346
5288 8347
5289 8348
5290 8349
5291 8350
5292 8351
5293 8352
5294 8353
5295 8354
5296 8355
5297 8356
5298 8357
5299 8358
5300 8359
5301 8360
5302 8361
5303 8362
5304 8363
5305 8364
5306 8365
5307 8366
5308 8367
5309 8368
5310 8369
5311 8370
5312 8371
5313 8372
5314 8373
5315 8374
5316 8375
5317 8376
5318 8377
5319 8378
5320 8379
5321 8380
5322 8381
5323 8382
5324 8383
5325 8384
5326 8385
5327 8386
5328 8387
5329 8388
5330 8389
5331 8390
5332 8391
5333 8392
5334 8393
5335 8394
5336 8395
5337 8396
5338 8397
5339 8398
5340 8399
5341 8400
5342 8401
5343 8402
5344 8403
5345 8404
5346 8405
5347 8406
5348 8407
5349 8408
5350 8409
5351 8410
5352 8411
5353 8412
5354 8413
5355 8414
5356 8415
5357 8416
5358 8417
5359 8418
5360 8419
5361 8420
5362 8421
5363 8422
5364 8423
5365 8424
5366 8425
5367 8426
5368 8427
5369 8428
5370 8429
5371 8430
5372 8431
5373 8432
5374 8433
5375 8434
5376 8435
5377 8436
5378 8437
5379 8438
5380 8439
5381 8440
5382 8441
5383 8442
5384 8443
5385 8444
5386 8445
5387 8446
5388 8447
5389 8448
5390 8449
5391 8450
5392 8451
5393 8452
5394 8453
5395 8454
5396 8455
5397 8456
5398 8457
5399 8458
5400 8459
5401 8460
5402 8461
5403 8462
5404 8463
5405 8464
5406 8465
5407 8466
5408 8467
5409 8468
5410 8469
5411 8470
5412 8471
5413 8472
5414 8473
5415 8474
5416 8475
5417 8476
5418 8477
5419 8478
5420 8479
5421 8480
5422 8481
5423 8482
5424 8483
5425 8484
5426 8485
5427 8486
5428 8487
5429 8488
5430 8489
5431 8490
5432 8491
5433 8492
5434 8493
5435 8494
5436 8495
5437 8496
5438 8497
5439 8498
5440 8499
5441 8500
5442 8501
5443 8502
5444 8503
5445 8504
5446 8505
5447 8506
5448 8507
5449 8508
5450 8509
5451 8510
5452 8511
5453 8512
5454 8513
5455 8514
5456 8515
5457 8516
5458 8517
5459 8518
5460 8519
5461 8520
5462 8521
5463 8522
5464 8523
5465 8524
5466 8525
5467 8526
5468 8527
5469 8528
5470 8529
5471 8530
5472 8531
5473 8532
5474 8533
5475 8534
5476 8535
5477 8536
5478 8537
5479 8538
5480 8539
5481 8540
5482 8541
5483 8542
5484 8543
5485 8544
5486 8545
5487 8546
5488 8547
5489 8548
5490 8549
5491 8550
5492 8551
5493 8552
5494 8553
5495 8554
5496 8555
5497 8556
5498 8557
5499 8558
5500 8559
5501 8560
5502 8561
5503 8562
5504 8563
5505 8564
5506 8565
5507 8566
5508 8567
5509 8568
5510 8569
5511 8570
5512 8571
5513 8572
5514 8573
5515 8574
5516 8575
5517 8576
5518 8577
5519 8578
5520 8579
5521 8580
5522 8581
5523 8582
5524 8583
5525 8584
5526 8585
5527 8586
5528 8587
5529 8588
5530 8589
5531 8590
5532 8591
5533 8592
5534 8593
5535 8594
5536 8595
5537 8596
5538 8597
5539 8598
5540 8599
5541 8600
5542 8601
5543 8602
5544 8603
5545 8604
5546 8605
5547 8606
5548 8607
5549 8608
5550 8609
5551 8610
5552 8611
5553 8612
5554 8613
5555 8614
5556 8615
5557 8616
5558 8617
5559 8618
5560 8619
5561 8620
5562 8621
5563 8622
5564 8623
5565 8624
5566 8625
5567 8626
5568 8627
5569 8628
5570 8629
5571 8630
5572 8631
5573 8632
5574 8633
5575 8634
5576 8635
5577 8636
5578 8637
5579 8638
5580 8639
5581 8640
5582 8641
5583 8642
5584 8643
5585 8644
5586 8645
5587 8646
5588 8647
5589 8648
5590 8649
5591 8650
5592 8651
5593 8652
5594 8653
5595 8654
5596 8655
5597 8656
5598 8657
5599 8658
5600 8659
5601 8660
5602 8661
5603 8662
5604 8663
5605 8664
5606 8665
5607 8666
5608 8667
5609 8668
5610 8669
5611 8670
5612 8671
5613 8672
5614 8673
5615 8674
5616 8675
5617 8676
5618 8677
5619 8678
5620 8679
5621 8680
5622 8681
5623 8682
5624 8683
5625 8684
5626 8685
5627 8686
5628 8687
5629 8688
5630 8689
5631 8690
5632 8691
5633 8692
5634 8693
5635 8694
5636 8695
5637 8696
5638 8697
5639 8698
5640 8699
5641 8700
5642 8701
5643 8702
5644 8703
5645 8704
5646 8705
5647 8706
5648 8707
5649 8708
5650 8709
5651 8710
5652 8711
5653 8712
5654 8713
5655 8714
5656 8715
5657 8716
5658 8717
5659 8718
5660 8719
5661 8720
5662 8721
5663 8722
5664 8723
5665 8724
5666 8725
5667 8726
5668 8727
5669 8728
5670 8729
5671 8730
5672 8731
5673 8732
5674 8733
5675 8734
5676 8735
5677 8736
5678 8737
5679 8738
5680 8739
5681 8740
5682 8741
5683 8742
5684 8743
5685 8744
5686 8745
5687 8746
5688 8747
5689 8748
5690 8749
5691 8750
5692 8751
5693 8752
5694 8753
5695 8754
5696 8755
5697 8756
5698 8757
5699 8758
5700 8759
5701 8760
5702 8761
5703 8762
5704 8763
5705 8764
5706 8765
5707 8766
5708 8767
5709 8768
5710 8769
5711 8770
5712 8771
5713 8772
5714 8773
5715 8774
5716 8775
5717 8776
5718 8777
5719 8778
5720 8779
5721 8780
5722 8781
5723 8782
5724 8783
5725 8784
5726 8785
5727 8786
5728 8787
5729 8788
5730 8789
5731 8790
5732 8791
5733 8792
5734 8793
5735 8794
5736 8795
5737 8796
5738 8797
5739 8798
5740 8799
5741 8800
5742 8801
5743 8802
5744 8803
5745 8804
5746 8805
5747 8806
5748 8807
5749 8808
5750 8809
5751 8810
5752 8811
5753 8812
5754 8813
5755 8814
5756 8815
5757 8816
5758 8817
5759 8818
5760 8819
5761 8820
5762 8821
5763 8822
5764 8823
5765 8824
5766 8825
5767 8826
5768 8827
5769 8828
5770 8829
5771 8830
5772 8831
5773 8832
5774 8833
5775 8834
5776 8835
5777 8836
5778 8837
5779 8838
5780 8839
5781 8840
5782 8841
5783 8842
5784 8843
5785 8844
5786 8845
5787 8846
5788 8847
5789 8848
5790 8849
5791 8850
5792 8851
5793 8852
5794 8853
5795 8854
5796 8855
5797 8856
5798 8857
5799 8858
5800 8859
5801 8860
5802 8861
5803 8862
5804 8863
5805 8864
5806 8865
5807 8866
5808 8867
5809 8868
5810 8869
5811 8870
5812 8871
5813 8872
5814 8873
5815 8874
5816 8875
5817 8876
5818 8877
5819 8878
5820 8879
5821 8880
5822 8881
5823 8882
5824 8883
5825 8884
5826 8885
5827 8886
5828 8887
5829 8888
5830 8889
5831 8890
5832 8891
5833 8892
5834 8893
5835 8894
5836 8895
5837 8896
5838 8897
5839 8898
5840 8899
5841 8900
5842 8901
5843 8902
5844 8903
5845 8904
5846 8905
5847 8906
5848 8907
5849 8908
5850 8909
5851 8910
5852 8911
5853 8912
5854 8913
5855 8914
5856 8915
5857 8916
5858 8917
5859 8918
5860 8919
5861 8920
5862 8921
5863 8922
5864 8923
5865 8924
5866 8925
5867 8926
5868 8927
5869 8928
5870 8929
5871 8930
5872 8931
5873 8932
5874 8933
5875 8934
5876 8935
5877 8936
5878 8937
5879 8938
5880 8939
5881 8940
5882 8941
5883 8942
5884 8943
5885 8944
5886 8945
5887 8946
5888 8947
5889 8948
5890 8949
5891 8950
5892 8951
5893 8952
5894 8953
5895 8954
5896 8955
5897 8956
5898 8957
5899 8958
5900 8959
5901 8960
5902 8961
5903 8962
5904 8963
5905 8964
5906 8965
5907 8966
5908 8967
5909 8968
5910 8969
5911 8970
5912 8971
5913 8972
5914 8973
5915 8974
5916 8975
5917 8976
5918 8977
5919 8978
5920 8979
5921 8980
5922 8981
5923 8982
5924 8983
5925 8984
5926 8985
5927 8986
5928 8987
5929 8988
5930 8989
5931 8990
5932 8991
5933 8992
5934 8993
5935 8994
5936 8995
5937 8996
5938 8997
5939 8998
5940 8999
5941 9000
5942 9001
5943 9002
5944 9003
5945 9004
5946 9005
5947 9006
5948 9007
5949 9008
5950 9009
5951 9010
5952 9011
5953 9012
5954 9013
5955 9014
5956 9015
5957 9016
5958 9017
5959 9018
5960 9019
5961 9020
5962 9021
5963 9022
5964 9023
5965 9024
5966 9025
5967 9026
5968 9027
5969 9028
5970 9029
5971 9030
5972 9031
5973 9032
5974 9033
5975 9034
5976 9035
5977 9036
5978 9037
5979 9038
5980 9039
5981 9040
5982 9041
5983 9042
5984 9043
5985 9044
5986 9045
5987 9046
5988 9047
5989 9048
5990 9049
5991 9050
5992 9051
5993 9052
5994 9053
5995 9054
5996 9055
5997 9056
5998 9057
5999 9058
6000 9059
6001 9060
6002 9061
6003 9062
6004 9063
6005 9064
6006 9065
6007 9066
6008 9067
6009 9068
6010 9069
6011 9070
6012 9071
6013 9072
6014 9073
6015 9074
6016 9075
6017 9076
6018 9077
6019 9078
6020 9079
6021 9080
6022 9081
6023 9082
6024 9083
6025 9084
6026 9085
6027 9086
6028 9087
6029 9088
6030 9089
6031 9090
6032 9091
6033 9092
6034 9093
6035 9094
6036 9095
6037 9096
6038 9097
6039 9098
6040 9099
6041 9100
6042 9101
6043 9102
6044 9103
6045 9104
6046 9105
6047 9106
6048 9107
6049 9108
6050 9109
6051 9110
6052 9111
6053 9112
6054 9113
6055 9114
6056 9115
6057 9116
6058 9117
6059 9118
6060 9119
6061 9120
6062 9121
6063 9122
6064 9123
6065 9124
6066 9125
6067 9126
6068 9127
6069 9128
6070 9129
6071 9130
6072 9131
6073 9132
6074 9133
6075 9134
6076 9135
6077 9136
6078 9137
6079 9138
6080 9139
6081 9140
6082 9141
6083 9142
6084 9143
6085 9144
6086 9145
6087 9146
6088 9147
6089 9148
6090 9149
6091 9150
6092 9151
6093 9152
6094 9153
6095 9154
6096 9155
6097 9156
6098 9157
6099 9158
6100 9159
6101 9160
6102 9161
6103 9162
6104 9163
6105 9164
6106 9165
6107 9166
6108 9167
6109 9168
6110 9169
6111 9170
6112 9171
6113 9172
6114 9173
6115 9174
6116 9175
6117 9176
6118 9177
6119 9178
6120 9179
6121 9180
6122 9181
6123 9182
6124 9183
6125 9184
6126 9185
6127 9186
6128 9187
6129 9188
6130 9189
6131 9190
6132 9191
6133 9192
6134 9193
6135 9194
6136 9195
6137 9196
6138 9197
6139 9198
6140 9199
6141 9200
6142 9201
6143 9202
6144 9203
6145 9204
6146 9205
6147 9206
6148 9207
6149 9208
6150 9209
6151 9210
6152 9211
6153 9212
6154 9213
6155 9214
6156 9215
6157 9216
6158 9217
6159 9218
6160 9219
6161 9220
6162 9221
6163 9222
6164 9223
6165 9224
6166 9225
6167 9226
6168 9227
6169 9228
6170 9229
6171 9230
6172 9231
6173 9232
6174 9233
6175 9234
6176 9235
6177 9236
6178 9237
6179 9238
6180 9239
6181 9240
6182 9241
6183 9242
6184 9243
6185 9244
6186 9245
6187 9246
6188 9247
6189 9248
6190 9249
6191 9250
6192 9251
6193 9252
6194 9253
6195 9254
6196 9255
6197 9256
6198 9257
6199 9258
6200 9259
6201 9260
6202 9261
6203 9262
6204 9263
6205 9264
6206 9265
6207 9266
6208 9267
6209 9268
6210 9269
6211 9270
6212 9271
6213 9272
6214 9273
6215 9274
6216 9275
6217 9276
6218 9277
6219 9278
6220 9279
6221 9280
6222 9281
6223 9282
6224 9283
6225 9284
6226 9285
6227 9286
6228 9287
6229 9288
6230 9289
6231 9290
6232 9291
6233 9292
6234 9293
6235 9294
6236 9295
6237 9296
6238 9297
6239 9298
6240 9299
6241 9300
6242 9301
6243 9302
6244 9303
6245 9304
6246 9305
6247 9306
6248 9307
6249 9308
6250 9309
6251 9310
6252 9311
6253 9312
6254 9313
6255 9314
6256 9315
6257 9316
6258 9317
6259 9318
6260 9319
6261 9320
6262 9321
6263 9322
6264 9323
6265 9324
6266 9325
6267 9326
6268 9327
6269 9328
6270 9329
6271 9330
6272 9331
6273 9332
6274 9333
6275 9334
6276 9335
6277 9336
6278 9337
6279 9338
6280 9339
6281 9340
6282 9341
6283 9342
6284 9343
6285 9344
6286 9345
6287 9346
6288 9347
6289 9348
6290 9349
6291 9350
6292 9351
6293 9352
6294 9353
6295 9354
6296 9355
6297 9356
6298 9357
6299 9358
6300 9359
6301 9360
6302 9361
6303 9362
6304 9363
6305 9364
6306 9365
6307 9366
6308 9367
6309 9368
6310 9369
6311 9370
6312 9371
6313 9372
6314 9373
6315 9374
6316 9375
6317 9376
6318 9377
6319 9378
6320 9379
6321 9380
6322 9381
6323 9382
6324 9383
6325 9384
6326 9385
6327 9386
6328 9387
6329 9388
6330 9389
6331 9390
6332 9391
6333 9392
6334 9393
6335 9394
6336 9395
6337 9396
6338 9397
6339 9398
6340 9399
6341 9400
6342 9401
6343 9402
6344 9403
6345 9404
6346 9405
6347 9406
6348 9407
6349 9408
6350 9409
6351 9410
6352 9411
6353 9412
6354 9413
6355 9414
6356 9415
6357 9416
6358 9417
6359 9418
6360 9419
6361 9420
6362 9421
6363 9422
6364 9423
6365 9424
6366 9425
6367 9426
6368 9427
6369 9428
6370 9429
6371 9430
6372 9431
6373 9432
6374 9433
6375 9434
6376 9435
6377 9436
6378 9437
6379 9438
6380 9439
6381 9440
6382 9441
6383 9442
6384 9443
6385 9444
6386 9445
6387 9446
6388 9447
6389 9448
6390 9449
6391 9450
6392 9451
6393 9452
6394 9453
6395 9454
6396 9455
6397 9456
6398 9457
6399 9458
6400 9459
6401 9460
6402 9461
6403 9462
6404 9463
6405 9464
6406 9465
6407 9466
6408 9467
6409 9468
6410 9469
6411 9470
6412 9471
6413 9472
6414 9473
6415 9474
6416 9475
6417 9476
6418 9477
6419 9478
6420 9479
6421 9480
6422 9481
6423 9482
6424 9483
6425 9484
6426 9485
6427 9486
6428 9487
6429 9488
6430 9489
6431 9490
6432 9491
6433 9492
6434 9493
6435 9494
6436 9495
6437 9496
6438 9497
6439 9498
6440 9499
6441 9500
6442 9501
6443 9502
6444 9503
6445 9504
6446 9505
6447 9506
6448 9507
6449 9508
6450 9509
6451 9510
6452 9511
6453 9512
6454 9513
6455 9514
6456 9515
6457 9516
6458 9517
6459 9518
6460 9519
6461 9520
6462 9521
6463 9522
6464 9523
6465 9524
6466 9525
6467 9526
6468 9527
6469 9528
6470 9529
6471 9530
6472 9531
6473 9532
6474 9533
6475 9534
6476 9535
6477 9536
6478 9537
6479 9538
6480 9539
6481 9540
6482 9541
6483 9542
6484 9543
6485 9544
6486 9545
6487 9546
6488 9547
6489 9548
6490 9549
6491 9550
6492 9551
6493 9552
6494 9553
6495 9554
6496 9555
6497 9556
6498 9557
6499 9558
6500 9559
6501 9560
6502 9561
6503 9562
6504 9563
6505 9564
6506 9565
6507 9566
6508 9567
6509 9568
6510 9569
6511 9570
6512 9571
6513 9572
6514 9573
6515 9574
6516 9575
6517 9576
6518 9577
6519 9578
6520 9579
6521 9580
6522 9581
6523 9582
6524 9583
6525 9584
6526 9585
6527 9586
6528 9587
6529 9588
6530 9589
6531 9590
6532 9591
6533 9592
6534 9593
6535 9594
6536 9595
6537 9596
6538 9597
6539 9598
6540 9599
6541 9600
6542 9601
6543 9602
6544 9603
6545 9604
6546 9605
6547 9606
6548 9607
6549 9608
6550 9609
6551 9610
6552 9611
6553 9612
6554 9613
6555 9614
6556 9615
6557 9616
6558 9617
6559 9618
6560 9619
6561 9620
6562 9621
6563 9622
6564 9623
6565 9624
6566 9625
6567 9626
6568 9627
6569 9628
6570 9629
6571 9630
6572 9631
6573 9632
6574 9633
6575 9634
6576 9635
6577 9636
6578 9637
6579 9638
6580 9639
6581 9640
6582 9641
6583 9642
6584 9643
6585 9644
6586 9645
6587 9646
6588 9647
6589 9648
6590 9649
6591 9650
6592 9651
6593 9652
6594 9653
6595 9654
6596 9655
6597 9656
6598 9657
6599 9658
6600 9659
6601 9660
6602 9661
6603 9662
6604 9663
6605 9664
6606 9665
6607 9666
6608 9667
6609 9668
6610 9669
6611 9670
6612 9671
6613 9672
6614 9673
6615 9674
6616 9675
6617 9676
6618 9677
6619 9678
6620 9679
6621 9680
6622 9681
6623 9682
6624 9683
6625 9684
6626 9685
6627 9686
6628 9687
6629 9688
6630 9689
6631 9690
6632 9691
6633 9692
6634 9693
6635 9694
6636 9695
6637 9696
6638 9697
6639 9698
6640 9699
6641 9700
6642 9701
6643 9702
6644 9703
6645 9704
6646 9705
6647 9706
6648 9707
6649 9708
6650 9709
6651 9710
6652 9711
6653 9712
6654 9713
6655 9714
6656 9715
6657 9716
6658 9717
6659 9718
6660 9719
6661 9720
6662 9721
6663 9722
6664 9723
6665 9724
6666 9725
6667 9726
6668 9727
6669 9728
6670 9729
6671 9730
6672 9731
6673 9732
6674 9733
6675 9734
6676 9735
6677 9736
6678 9737
6679 9738
6680 9739
6681 9740
6682 9741
6683 9742
6684 9743
6685 9744
6686 9745
6687 9746
6688 9747
6689 9748
6690 9749
6691 9750
6692 9751
6693 9752
6694 9753
6695 9754
6696 9755
6697 9756
6698 9757
6699 9758
6700 9759
6701 9760
6702 9761
6703 9762
6704 9763
6705 9764
6706 9765
6707 9766
6708 9767
6709 9768
6710 9769
6711 9770
6712 9771
6713 9772
6714 9773
6715 9774
6716 9775
6717 9776
6718 9777
6719 9778
6720 9779
6721 9780
6722 9781
6723 9782
6724 9783
6725 9784
6726 9785
6727 9786
6728 9787
6729 9788
6730 9789
6731 9790
6732 9791
6733 9792
6734 9793
6735 9794
6736 9795
6737 9796
6738 9797
6739 9798
6740 9799
6741 9800
6742 9801
6743 9802
6744 9803
6745 9804
6746 9805
6747 9806
6748 9807
6749 9808
6750 9809
6751 9810
6752 9811
6753 9812
6754 9813
6755 9814
6756 9815
6757 9816
6758 9817
6759 9818
6760 9819
6761 9820
6762 9821
6763 9822
6764 9823
6765 9824
6766 9825
6767 9826
6768 9827
6769 9828
6770 9829
6771 9830
6772 9831
6773 9832
6774 9833
6775 9834
6776 9835
6777 9836
6778 9837
6779 9838
6780 9839
6781 9840
6782 9841
6783 9842
6784 9843
6785 9844
6786 9845
6787 9846
6788 9847
6789 9848
6790 9849
6791 9850
6792 9851
6793 9852
6794 9853
6795 9854
6796 9855
6797 9856
6798 9857
6799 9858
6800 9859
6801 9860
6802 9861
6803 9862
6804 9863
6805 9864
6806 9865
6807 9866
6808 9867
6809 9868
6810 9869
6811 9870
6812 9871
6813 9872
6814 9873
6815 9874
6816 9875
6817 9876
6818 9877
6819 9878
6820 9879
6821 9880
6822 9881
6823 9882
6824 9883
6825 9884
6826 9885
6827 9886
6828 9887
6829 9888
6830 9889
6831 9890
6832 9891
6833 9892
6834 9893
6835 9894
6836 9895
6837 9896
6838 9897
6839 9898
6840 9899
6841 9900
6842 9901
6843 9902
6844 9903
6845 9904
6846 9905
6847 9906
6848 9907
6849 9908
6850 9909
6851 9910
6852 9911
6853 9912
6854 9913
6855 9914
6856 9915
6857 9916
6858 9917
6859 9918
6860 9919
6861 9920
6862 9921
6863 9922
6864 9923
6865 9924
6866 9925
6867 9926
6868 9927
6869 9928
6870 9929
6871 9930
6872 9931
6873 9932
6874 9933
6875 9934
6876 9935
6877 9936
6878 9937
6879 9938
6880 9939
6881 9940
6882 9941
6883 9942
6884 9943
6885 9944
6886 9945
6887 9946
6888 9947
6889 9948
6890 9949
6891 9950
6892 9951
6893 9952
6894 9953
6895 9954
6896 9955
6897 9956
6898 9957
6899 9958
6900 9959
6901 9960
6902 9961
6903 9962
6904 9963
6905 9964
6906 9965
6907 9966
6908 9967
6909 9968
6910 9969
6911 9970
6912 9971
6913 9972
6914 9973
6915 9974
6916 9975
6917 9976
6918 9977
6919 9978
6920 9979
6921 9980
6922 9981
6923 9982
6924 9983
6925 9984
6926 9985
6927 9986
6928 9987
6929 9988
6930 9989
6931 9990
6932 9991
6933 9992
6934 9993
6935 9994
6936 9995
6937 9996
6938 9997
6939 9998
6940 9999
6941 10000
6942 10001
6943 10002
6944 10003
6945 10004
6946 10005
6947 10006
6948 10007
6949 10008
6950 10009
6951 10010
6952 10011
6953 10012
6954 10013
6955 10014
6956 10015
6957 10016
6958 10017
6959 10018
6960 10019
6961 10020
6962 10021
6963 10022
6964 10023
6965 10024
6966 10025
6967 10026
6968 10027
6969 10028
6970 10029
6971 10030
6972 10031
6973 10032
6974 10033
6975 10034
6976 10035
6977 10036
6978 10037
6979 10038
6980 10039
6981 10040
6982 10041
6983 10042
6984 10043
6985 10044
6986 10045
6987 10046
6988 10047
6989 10048
6990 10049
6991 10050
6992 10051
6993 10052
6994 10053
6995 10054
6996 10055
6997 10056
6998 10057
6999 10058
7000 10059
7001 10060
7002 10061
7003 10062
7004 10063
7005 10064
7006 10065
7007 10066
7008 10067
7009 10068
7010 10069
7011 10070
7012 10071
7013 10072
7014 10073
7015 10074
7016 10075
7017 10076
7018 10077
7019 10078
7020 10079
7021 10080
7022 10081
7023 10082
7024 10083
7025 10084
7026 10085
7027 10086
7028 10087
7029 10088
7030 10089
7031 10090
7032 10091
7033 10092
7034 10093
7035 10094
7036 10095
7037 10096
7038 10097
7039 10098
7040 10099
7041 10100
7042 10101
7043 10102
7044 10103
7045 10104
7046 10105
7047 10106
7048 10107
7049 10108
7050 10109
7051 10110
7052 10111
7053 10112
7054 10113
7055 10114
7056 10115
7057 10116
7058 10117
7059 10118
7060 10119
7061 10120
7062 10121
7063 10122
7064 10123
7065 10124
7066 10125
7067 10126
7068 10127
7069 10128
7070 10129
7071 10130
7072 10131
7073 10132
7074 10133
7075 10134
7076 10135
7077 10136
7078 10137
7079 10138
7080 10139
7081 10140
7082 10141
7083 10142
7084 10143
7085 10144
7086 10145
7087 10146
7088 10147
7089 10148
7090 10149
7091 10150
7092 10151
7093 10152
7094 10153
7095 10154
7096 10155
7097 10156
7098 10157
7099 10158
7100 10159
7101 10160
7102 10161
7103 10162
7104 10163
7105 10164
7106 10165
7107 10166
7108 10167
7109 10168
7110 10169
7111 10170
7112 10171
7113 10172
7114 10173
7115 10174
7116 10175
7117 10176
7118 10177
7119 10178
7120 10179
7121 10180
7122 10181
7123 10182
7124 10183
7125 10184
7126 10185
7127 10186
7128 10187
7129 10188
7130 10189
7131 10190
7132 10191
7133 10192
7134 10193
7135 10194
7136 10195
7137 10196
7138 10197
7139 10198
7140 10199
7141 10200
7142 10201
7143 10202
7144 10203
7145 10204
7146 10205
7147 10206
7148 10207
7149 10208
7150 10209
7151 10210
7152 10211
7153 10212
7154 10213
7155 10214
7156 10215
7157 10216
7158 10217
7159 10218
7160 10219
7161 10220
7162 10221
7163 10222
7164 10223
7165 10224
7166 10225
7167 10226
7168 10227
7169 10228
7170 10229
7171 10230
7172 10231
7173 10232
7174 10233
7175 10234
7176 10235
7177 10236
7178 10237
7179 10238
7180 10239
7181 10240
7182 10241
7183 10242
7184 10243
7185 10244
7186 10245
7187 10246
7188 10247
7189 10248
7190 10249
7191 10250
7192 10251
7193 10252
7194 10253
7195 10254
7196 10255
7197 10256
7198 10257
7199 10258
7200 10259
7201 10260
7202 10261
7203 10262
7204 10263
7205 10264
7206 10265
7207 10266
7208 10267
7209 10268
7210 10269
7211 10270
7212 10271
7213 10272
7214 10273
7215 10274
7216 10275
7217 10276
7218 10277
7219 10278
7220 10279
7221 10280
7222 10281
7223 10282
7224 10283
7225 10284
7226 10285
7227 10286
7228 10287
7229 10288
7230 10289
7231 10290
7232 10291
7233 10292
7234 10293
7235 10294
7236 10295
7237 10296
7238 10297
7239 10298
7240 10299
7241 10300
7242 10301
7243 10302
7244 10303
7245 10304
7246 10305
7247 10306
7248 10307
7249 10308
7250 10309
7251 10310
7252 10311
7253 10312
7254 10313
7255 10314
7256 10315
7257 10316
7258 10317
7259 10318
7260 10319
7261 10320
7262 10321
7263 10322
7264 10323
7265 10324
7266 10325
7267 10326
7268 10327
7269 10328
7270 10329
7271 10330
7272 10331
7273 10332
7274 10333
7275 10334
7276 10335
7277 10336
7278 10337
7279 10338
7280 10339
7281 10340
7282 10341
7283 10342
7284 10343
7285 10344
7286 10345
7287 10346
7288 10347
7289 10348
7290 10349
7291 10350
7292 10351
7293 10352
7294 10353
7295 10354
7296 10355
7297 10356
7298 10357
7299 10358
7300 10359
7301 10360
7302 10361
7303 10362
7304 10363
7305 10364
7306 10365
7307 10366
7308 10367
7309 10368
7310 10369
7311 10370
7312 10371
7313 10372
7314 10373
7315 10374
7316 10375
7317 10376
7318 10377
7319 10378
7320 10379
7321 10380
7322 10381
7323 10382
7324 10383
7325 10384
7326 10385
7327 10386
7328 10387
7329 10388
7330 10389
7331 10390
7332 10391
7333 10392
7334 10393
7335 10394
7336 10395
7337 10396
7338 10397
7339 10398
7340 10399
7341 10400
7342 10401
7343 10402
7344 10403
7345 10404
7346 10405
7347 10406
7348 10407
7349 10408
7350 10409
7351 10410
7352 10411
7353 10412
7354 10413
7355 10414
7356 10415
7357 10416
7358 10417
7359 10418
7360 10419
7361 10420
7362 10421
7363 10422
7364 10423
7365 10424
7366 10425
7367 10426
7368 10427
7369 10428
7370 10429
7371 10430
7372 10431
7373 10432
7374 10433
7375 10434
7376 10435
7377 10436
7378 10437
7379 10438
7380 10439
7381 10440
7382 10441
7383 10442
7384 10443
7385 10444
7386 10445
7387 10446
7388 10447
7389 10448
7390 10449
7391 10450
7392 10451
7393 10452
7394 10453
7395 10454
7396 10455
7397 10456
7398 10457
7399 10458
7400 10459
7401 10460
7402 10461
7403 10462
7404 10463
7405 10464
7406 10465
7407 10466
7408 10467
7409 10468
7410 10469
7411 10470
7412 10471
7413 10472
7414 10473
7415 10474
7416 10475
7417 10476
7418 10477
7419 10478
7420 10479
7421 10480
7422 10481
7423 10482
7424 10483
7425 10484
7426 10485
7427 10486
7428 10487
7429 10488
7430 10489
7431 10490
7432 10491
7433 10492
7434 10493
7435 10494
7436 10495
7437 10496
7438 10497
7439 10498
7440 10499
7441 10500
7442 10501
7443 10502
7444 10503
7445 10504
7446 10505
7447 10506
7448 10507
7449 10508
7450 10509
7451 10510
7452 10511
7453 10512
7454 10513
7455 10514
7456 10515
7457 10516
7458 10517
7459 10518
7460 10519
7461 10520
7462 10521
7463 10522
7464 10523
7465 10524
7466 10525
7467 10526
7468 10527
7469 10528
7470 10529
7471 10530
7472 10531
7473 10532
7474 10533
7475 10534
7476 10535
7477 10536
7478 10537
7479 10538
7480 10539
7481 10540
7482 10541
7483 10542
7484 10543
7485 10544
7486 10545
7487 10546
7488 10547
7489 10548
7490 10549
7491 10550
7492 10551
7493 10552
7494 10553
7495 10554
7496 10555
7497 10556
7498 10557
7499 10558
7500 10559
7501 10560
7502 10561
7503 10562
7504 10563
7505 10564
7506 10565
7507 10566
7508 10567
7509 10568
7510 10569
7511 10570
7512 10571
7513 10572
7514 10573
7515 10574
7516 10575
7517 10576
7518 10577
7519 10578
7520 10579
7521 10580
7522 10581
7523 10582
7524 10583
7525 10584
7526 10585
7527 10586
7528 10587
7529 10588
7530 10589
7531 10590
7532 10591
7533 10592
7534 10593
7535 10594
7536 10595
7537 10596
7538 10597
7539 10598
7540 10599
7541 10600
7542 10601
7543 10602
7544 10603
7545 10604
7546 10605
7547 10606
7548 10607
7549 10608
7550 10609
7551 10610
7552 10611
7553 10612
7554 10613
7555 10614
7556 10615
7557 10616
7558 10617
7559 10618
7560 10619
7561 10620
7562 10621
7563 10622
7564 10623
7565 10624
7566 10625
7567 10626
7568 10627
7569 10628
7570 10629
7571 10630
7572 10631
7573 10632
7574 10633
7575 10634
7576 10635
7577 10636
7578 10637
7579 10638
7580 10639
7581 10640
7582 10641
7583 10642
7584 10643
7585 10644
7586 10645
7587 10646
7588 10647
7589 10648
7590 10649
7591 10650
7592 10651
7593 10652
7594 10653
7595 10654
7596 10655
7597 10656
7598 10657
7599 10658
7600 10659
7601 10660
7602 10661
7603 10662
7604 10663
7605 10664
7606 10665
7607 10666
7608 10667
7609 10668
7610 10669
7611 10670
7612 10671
7613 10672
7614 10673
7615 10674
7616 10675
7617 10676
7618 10677
7619 10678
7620 10679
7621 10680
7622 10681
7623 10682
7624 10683
7625 10684
7626 10685
7627 10686
7628 10687
7629 10688
7630 10689
7631 10690
7632 10691
7633 10692
7634 10693
7635 10694
7636 10695
7637 10696
7638 10697
7639 10698
7640 10699
7641 10700
7642 10701
7643 10702
7644 10703
7645 10704
7646 10705
7647 10706
7648 10707
7649 10708
7650 10709
7651 10710
7652 10711
7653 10712
7654 10713
7655 10714
7656 10715
7657 10716
7658 10717
7659 10718
7660 10719
7661 10720
7662 10721
7663 10722
7664 10723
7665 10724
7666 10725
7667 10726
7668 10727
7669 10728
7670 10729
7671 10730
7672 10731
7673 10732
7674 10733
7675 10734
7676 10735
7677 10736
7678 10737
7679 10738
7680 10739
7681 10740
7682 10741
7683 10742
7684 10743
7685 10744
7686 10745
7687 10746
7688 10747
7689 10748
7690 10749
7691 10750
7692 10751
7693 10752
7694 10753
7695 10754
7696 10755
7697 10756
7698 10757
7699 10758
7700 10759
7701 10760
7702 10761
7703 10762
7704 10763
7705 10764
7706 10765
7707 10766
7708 10767
7709 10768
7710 10769
7711 10770
7712 10771
7713 10772
7714 10773
7715 10774
7716 10775
7717 10776
7718 10777
7719 10778
7720 10779
7721 10780
7722 10781
7723 10782
7724 10783
7725 10784
7726 10785
7727 10786
7728 10787
7729 10788
7730 10789
7731 10790
7732 10791
7733 10792
7734 10793
7735 10794
7736 10795
7737 10796
7738 10797
7739 10798
7740 10799
7741 10800
7742 10801
7743 10802
7744 10803
7745 10804
7746 10805
7747 10806
7748 10807
7749 10808
7750 10809
7751 10810
7752 10811
7753 10812
7754 10813
7755 10814
7756 10815
7757 10816
7758 10817
7759 10818
7760 10819
7761 10820
7762 10821
7763 10822
7764 10823
7765 10824
7766 10825
7767 10826
7768 10827
7769 10828
7770 10829
7771 10830
7772 10831
7773 10832
7774 10833
7775 10834
7776 10835
7777 10836
7778 10837
7779 10838
7780 10839
7781 10840
7782 10841
7783 10842
7784 10843
7785 10844
7786 10845
7787 10846
7788 10847
7789 10848
7790 10849
7791 10850
7792 10851
7793 10852
7794 10853
7795 10854
7796 10855
7797 10856
7798 10857
7799 10858
7800 10859
7801 10860
7802 10861
7803 10862
7804 10863
7805 10864
7806 10865
7807 10866
7808 10867
7809 10868
7810 10869
7811 10870
7812 10871
7813 10872
7814 10873
7815 10874
7816 10875
7817 10876
7818 10877
7819 10878
7820 10879
7821 10880
7822 10881
7823 10882
7824 10883
7825 10884
7826 10885
7827 10886
7828 10887
7829 10888
7830 10889
7831 10890
7832 10891
7833 10892
7834 10893
7835 10894
7836 10895
7837 10896
7838 10897
7839 10898
7840 10899
7841 10900
7842 10901
7843 10902
7844 10903
7845 10904
7846 10905
7847 10906
7848 10907
7849 10908
7850 10909
7851 10910
7852 10911
7853 10912
7854 10913
7855 10914
7856 10915
7857 10916
7858 10917
7859 10918
7860 10919
7861 10920
7862 10921
7863 10922
7864 10923
7865 10924
7866 10925
7867 10926
7868 10927
7869 10928
7870 10929
7871 10930
7872 10931
7873 10932
7874 10933
7875 10934
7876 10935
7877 10936
7878 10937
7879 10938
7880 10939
7881 10940
7882 10941
7883 10942
7884 10943
7885 10944
7886 10945
7887 10946
7888 10947
7889 10948
7890 10949
7891 10950
7892 10951
7893 10952
7894 10953
7895 10954
7896 10955
7897 10956
7898 10957
7899 10958
7900 10959
7901 10960
7902 10961
7903 10962
7904 10963
7905 10964
7906 10965
7907 10966
7908 10967
7909 10968
7910 10969
7911 10970
7912 10971
7913 10972
7914 10973
7915 10974
7916 10975
7917 10976
7918 10977
7919 10978
7920 10979
7921 10980
7922 10981
7923 10982
7924 10983
7925 10984
7926 10985
7927 10986
7928 10987
7929 10988
7930 10989
7931 10990
7932 10991
7933 10992
7934 10993
7935 10994
7936 10995
7937 10996
7938 10997
7939 10998
7940 10999
7941 11000
7942 11001
7943 11002
7944 11003
7945 11004
7946 11005
7947 11006
7948 11007
7949 11008
7950 11009
7951 11010
7952 11011
7953 11012
7954 11013
7955 11014
7956 11015
7957 11016
7958 11017
7959 11018
7960 11019
7961 11020
7962 11021
7963 11022
7964 11023
7965 11024
7966 11025
7967 11026
7968 11027
7969 11028
7970 11029
7971 11030
7972 11031
7973 11032
7974 11033
7975 11034
7976 11035
7977 11036
7978 11037
7979 11038
7980 11039
7981 11040
7982 11041
7983 11042
7984 11043
7985 11044
7986 11045
7987 11046
7988 11047
7989 11048
7990 11049
7991 11050
7992 11051
7993 11052
7994 11053
7995 11054
7996 11055
7997 11056
7998 11057
7999 11058
8000 11059
8001 11060
8002 11061
8003 11062
8004 11063
8005 11064
8006 11065
8007 11066
8008 11067
8009 11068
8010 11069
8011 11070
8012 11071
8013 11072
8014 11073
8015 11074
8016 11075
8017 11076
8018 11077
8019 11078
8020 11079
8021 11080
8022 11081
8023 11082
8024 11083
8025 11084
8026 11085
8027 11086
8028 11087
8029 11088
8030 11089
8031 11090
8032 11091
8033 11092
8034 11093
8035 11094
8036 11095
8037 11096
8038 11097
8039 11098
8040 11099
8041 11100
8042 11101
8043 11102
8044 11103
8045 11104
8046 11105
8047 11106
8048 11107
8049 11108
8050 11109
8051 11110
8052 11111
8053 11112
8054 11113
8055 11114
8056 11115
8057 11116
8058 11117
8059 11118
8060 11119
8061 11120
8062 11121
8063 11122
8064 11123
8065 11124
8066 11125
8067 11126
8068 11127
8069 11128
8070 11129
8071 11130
8072 11131
8073 11132
8074 11133
8075 11134
8076 11135
8077 11136
8078 11137
8079 11138
8080 11139
8081 11140
8082 11141
8083 11142
8084 11143
8085 11144
8086 11145
8087 11146
8088 11147
8089 11148
8090 11149
8091 11150
8092 11151
8093 11152
8094 11153
8095 11154
8096 11155
8097 11156
8098 11157
8099 11158
8100 11159
8101 11160
8102 11161
8103 11162
8104 11163
8105 11164
8106 11165
8107 11166
8108 11167
8109 11168
8110 11169
8111 11170
8112 11171
8113 11172
8114 11173
8115 11174
8116 11175
8117 11176
8118 11177
8119 11178
8120 11179
8121 11180
8122 11181
8123 11182
8124 11183
8125 11184
8126 11185
8127 11186
8128 11187
8129 11188
8130 11189
8131 11190
8132 11191
8133 11192
8134 11193
8135 11194
8136 11195
8137 11196
8138 11197
8139 11198
8140 11199
8141 11200
8142 11201
8143 11202
8144 11203
8145 11204
8146 11205
8147 11206
8148 11207
8149 11208
8150 11209
8151 11210
8152 11211
8153 11212
8154 11213
8155 11214
8156 11215
8157 11216
8158 11217
8159 11218
8160 11219
8161 11220
8162 11221
8163 11222
8164 11223
8165 11224
8166 11225
8167 11226
8168 11227
8169 11228
8170 11229
8171 11230
8172 11231
8173 11232
8174 11233
8175 11234
8176 11235
8177 11236
8178 11237
8179 11238
8180 11239
8181 11240
8182 11241
8183 11242
8184 11243
8185 11244
8186 11245
8187 11246
8188 11247
8189 11248
8190 11249
8191 11250
8192 11251
8193 11252
8194 11253
8195 11254
8196 11255
8197 11256
8198 11257
8199 11258
8200 11259
8201 11260
8202 11261
8203 11262
8204 11263
8205 11264
8206 11265
8207 11266
8208 11267
8209 11268
8210 11269
8211 11270
8212 11271
8213 11272
8214 11273
8215 11274
8216 11275
8217 11276
8218 11277
8219 11278
8220 11279
8221 11280
8222 11281
8223 11282
8224 11283
8225 11284
8226 11285
8227 11286
8228 11287
8229 11288
8230 11289
8231 11290
8232 11291
8233 11292
8234 11293
8235 11294
8236 11295
8237 11296
